ALA 0 0
ARG 5 729
N CA CB CG
CA CB CG CD
CB CG CD NE
CG CD NE CZ
CD NE CZ NH1
45 70 62 82 180
45 80 62 82 180
45 90 62 82 180
55 70 62 82 180
55 80 62 82 180
55 90 62 82 180
65 70 62 82 180
65 80 62 82 180
65 90 62 82 180
49 75 68 -166 180
49 85 68 -166 180
49 95 68 -166 180
59 75 68 -166 180
59 85 68 -166 180
59 95 68 -166 180
69 75 68 -166 180
69 85 68 -166 180
69 95 68 -166 180
44 69 65 -103 180
44 79 65 -103 180
44 89 65 -103 180
54 69 65 -103 180
54 79 65 -103 180
54 89 65 -103 180
64 69 65 -103 180
64 79 65 -103 180
64 89 65 -103 180
44 77 178 86 180
44 87 178 86 180
44 97 178 86 180
54 77 178 86 180
54 87 178 86 180
54 97 178 86 180
64 77 178 86 180
64 87 178 86 180
64 97 178 86 180
44 78 -178 178 180
44 88 -178 178 180
44 98 -178 178 180
54 78 -178 178 180
54 88 -178 178 180
54 98 -178 178 180
64 78 -178 178 180
64 88 -178 178 180
64 98 -178 178 180
44 78 -176 -81 180
44 88 -176 -81 180
44 98 -176 -81 180
54 78 -176 -81 180
54 88 -176 -81 180
54 98 -176 -81 180
64 78 -176 -81 180
64 88 -176 -81 180
64 98 -176 -81 180
44 74 -78 103 180
44 84 -78 103 180
44 94 -78 103 180
54 74 -78 103 180
54 84 -78 103 180
54 94 -78 103 180
64 74 -78 103 180
64 84 -78 103 180
64 94 -78 103 180
40 72 -92 169 180
40 82 -92 169 180
40 92 -92 169 180
50 72 -92 169 180
50 82 -92 169 180
50 92 -92 169 180
60 72 -92 169 180
60 82 -92 169 180
60 92 -92 169 180
44 74 -77 -84 180
44 84 -77 -84 180
44 94 -77 -84 180
54 74 -77 -84 180
54 84 -77 -84 180
54 94 -77 -84 180
64 74 -77 -84 180
64 84 -77 -84 180
64 94 -77 -84 180
52 168 65 84 180
52 178 65 84 180
52 -172 65 84 180
62 168 65 84 180
62 178 65 84 180
62 -172 65 84 180
72 168 65 84 180
72 178 65 84 180
72 -172 65 84 180
54 174 68 -173 180
54 -176 68 -173 180
54 -166 68 -173 180
64 174 68 -173 180
64 -176 68 -173 180
64 -166 68 -173 180
74 174 68 -173 180
74 -176 68 -173 180
74 -166 68 -173 180
55 171 61 -104 180
55 -179 61 -104 180
55 -169 61 -104 180
65 171 61 -104 180
65 -179 61 -104 180
65 -169 61 -104 180
75 171 61 -104 180
75 -179 61 -104 180
75 -169 61 -104 180
55 170 178 86 180
55 180 178 86 180
55 -170 178 86 180
65 170 178 86 180
65 180 178 86 180
65 -170 178 86 180
75 170 178 86 180
75 180 178 86 180
75 -170 178 86 180
56 172 -179 -177 180
56 -178 -179 -177 180
56 -168 -179 -177 180
66 172 -179 -177 180
66 -178 -179 -177 180
66 -168 -179 -177 180
76 172 -179 -177 180
76 -178 -179 -177 180
76 -168 -179 -177 180
56 175 -178 -82 180
56 -175 -178 -82 180
56 -165 -178 -82 180
66 175 -178 -82 180
66 -175 -178 -82 180
66 -165 -178 -82 180
76 175 -178 -82 180
76 -175 -178 -82 180
76 -165 -178 -82 180
54 178 -64 103 180
54 -172 -64 103 180
54 -162 -64 103 180
64 178 -64 103 180
64 -172 -64 103 180
64 -162 -64 103 180
74 178 -64 103 180
74 -172 -64 103 180
74 -162 -64 103 180
53 174 -67 173 180
53 -176 -67 173 180
53 -166 -67 173 180
63 174 -67 173 180
63 -176 -67 173 180
63 -166 -67 173 180
73 174 -67 173 180
73 -176 -67 173 180
73 -166 -67 173 180
53 170 -69 -82 180
53 180 -69 -82 180
53 -170 -69 -82 180
63 170 -69 -82 180
63 180 -69 -82 180
63 -170 -69 -82 180
73 170 -69 -82 180
73 180 -69 -82 180
73 -170 -69 -82 180
55 -95 84 84 180
55 -85 84 84 180
55 -75 84 84 180
65 -95 84 84 180
65 -85 84 84 180
65 -75 84 84 180
75 -95 84 84 180
75 -85 84 84 180
75 -75 84 84 180
53 -96 81 -172 180
53 -86 81 -172 180
53 -76 81 -172 180
63 -96 81 -172 180
63 -86 81 -172 180
63 -76 81 -172 180
73 -96 81 -172 180
73 -86 81 -172 180
73 -76 81 -172 180
54 -92 72 -103 180
54 -82 72 -103 180
54 -72 72 -103 180
64 -92 72 -103 180
64 -82 72 -103 180
64 -72 72 -103 180
74 -92 72 -103 180
74 -82 72 -103 180
74 -72 72 -103 180
54 -88 -180 86 180
54 -78 -180 86 180
54 -68 -180 86 180
64 -88 -180 86 180
64 -78 -180 86 180
64 -68 -180 86 180
74 -88 -180 86 180
74 -78 -180 86 180
74 -68 -180 86 180
48 -93 -176 -178 180
48 -83 -176 -178 180
48 -73 -176 -178 180
58 -93 -176 -178 180
58 -83 -176 -178 180
58 -73 -176 -178 180
68 -93 -176 -178 180
68 -83 -176 -178 180
68 -73 -176 -178 180
59 -86 -178 -86 180
59 -76 -178 -86 180
59 -66 -178 -86 180
69 -86 -178 -86 180
69 -76 -178 -86 180
69 -66 -178 -86 180
79 -86 -178 -86 180
79 -76 -178 -86 180
79 -66 -178 -86 180
54 -88 -77 103 180
54 -78 -77 103 180
54 -68 -77 103 180
64 -88 -77 103 180
64 -78 -77 103 180
64 -68 -77 103 180
74 -88 -77 103 180
74 -78 -77 103 180
74 -68 -77 103 180
54 -88 -64 170 180
54 -78 -64 170 180
54 -68 -64 170 180
64 -88 -64 170 180
64 -78 -64 170 180
64 -68 -64 170 180
74 -88 -64 170 180
74 -78 -64 170 180
74 -68 -64 170 180
54 -88 -60 -83 180
54 -78 -60 -83 180
54 -68 -60 -83 180
64 -88 -60 -83 180
64 -78 -60 -83 180
64 -68 -60 -83 180
74 -88 -60 -83 180
74 -78 -60 -83 180
74 -68 -60 -83 180
174 56 60 81 180
174 66 60 81 180
174 76 60 81 180
-176 56 60 81 180
-176 66 60 81 180
-176 76 60 81 180
-166 56 60 81 180
-166 66 60 81 180
-166 76 60 81 180
169 56 65 -171 180
169 66 65 -171 180
169 76 65 -171 180
179 56 65 -171 180
179 66 65 -171 180
179 76 65 -171 180
-171 56 65 -171 180
-171 66 65 -171 180
-171 76 65 -171 180
176 58 67 -103 180
176 68 67 -103 180
176 78 67 -103 180
-174 58 67 -103 180
-174 68 67 -103 180
-174 78 67 -103 180
-164 58 67 -103 180
-164 68 67 -103 180
-164 78 67 -103 180
169 56 -179 85 180
169 66 -179 85 180
169 76 -179 85 180
179 56 -179 85 180
179 66 -179 85 180
179 76 -179 85 180
-171 56 -179 85 180
-171 66 -179 85 180
-171 76 -179 85 180
173 57 177 171 180
173 67 177 171 180
173 77 177 171 180
-177 57 177 171 180
-177 67 177 171 180
-177 77 177 171 180
-167 57 177 171 180
-167 67 177 171 180
-167 77 177 171 180
168 57 -179 -85 180
168 67 -179 -85 180
168 77 -179 -85 180
178 57 -179 -85 180
178 67 -179 -85 180
178 77 -179 -85 180
-172 57 -179 -85 180
-172 67 -179 -85 180
-172 77 -179 -85 180
174 71 -81 103 180
174 81 -81 103 180
174 91 -81 103 180
-176 71 -81 103 180
-176 81 -81 103 180
-176 91 -81 103 180
-166 71 -81 103 180
-166 81 -81 103 180
-166 91 -81 103 180
174 70 -90 172 180
174 80 -90 172 180
174 90 -90 172 180
-176 70 -90 172 180
-176 80 -90 172 180
-176 90 -90 172 180
-166 70 -90 172 180
-166 80 -90 172 180
-166 90 -90 172 180
171 69 -78 -85 180
171 79 -78 -85 180
171 89 -78 -85 180
-179 69 -78 -85 180
-179 79 -78 -85 180
-179 89 -78 -85 180
-169 69 -78 -85 180
-169 79 -78 -85 180
-169 89 -78 -85 180
173 169 65 81 180
173 179 65 81 180
173 -171 65 81 180
-177 169 65 81 180
-177 179 65 81 180
-177 -171 65 81 180
-167 169 65 81 180
-167 179 65 81 180
-167 -171 65 81 180
176 167 68 -168 180
176 177 68 -168 180
176 -173 68 -168 180
-174 167 68 -168 180
-174 177 68 -168 180
-174 -173 68 -168 180
-164 167 68 -168 180
-164 177 68 -168 180
-164 -173 68 -168 180
173 169 63 -104 180
173 179 63 -104 180
173 -171 63 -104 180
-177 169 63 -104 180
-177 179 63 -104 180
-177 -171 63 -104 180
-167 169 63 -104 180
-167 179 63 -104 180
-167 -171 63 -104 180
173 168 179 85 180
173 178 179 85 180
173 -172 179 85 180
-177 168 179 85 180
-177 178 179 85 180
-177 -172 179 85 180
-167 168 179 85 180
-167 178 179 85 180
-167 -172 179 85 180
173 166 179 -179 180
173 176 179 -179 180
173 -174 179 -179 180
-177 166 179 -179 180
-177 176 179 -179 180
-177 -174 179 -179 180
-167 166 179 -179 180
-167 176 179 -179 180
-167 -174 179 -179 180
172 166 -178 -85 180
172 176 -178 -85 180
172 -174 -178 -85 180
-178 166 -178 -85 180
-178 176 -178 -85 180
-178 -174 -178 -85 180
-168 166 -178 -85 180
-168 176 -178 -85 180
-168 -174 -178 -85 180
176 168 -63 105 180
176 178 -63 105 180
176 -172 -63 105 180
-174 168 -63 105 180
-174 178 -63 105 180
-174 -172 -63 105 180
-164 168 -63 105 180
-164 178 -63 105 180
-164 -172 -63 105 180
175 170 -65 165 180
175 180 -65 165 180
175 -170 -65 165 180
-175 170 -65 165 180
-175 180 -65 165 180
-175 -170 -65 165 180
-165 170 -65 165 180
-165 180 -65 165 180
-165 -170 -65 165 180
174 170 -65 -83 180
174 180 -65 -83 180
174 -170 -65 -83 180
-176 170 -65 -83 180
-176 180 -65 -83 180
-176 -170 -65 -83 180
-166 170 -65 -83 180
-166 180 -65 -83 180
-166 -170 -65 -83 180
-180 -94 81 82 180
-180 -84 81 82 180
-180 -74 81 82 180
-170 -94 81 82 180
-170 -84 81 82 180
-170 -74 81 82 180
-160 -94 81 82 180
-160 -84 81 82 180
-160 -74 81 82 180
-176 -92 78 -172 180
-176 -82 78 -172 180
-176 -72 78 -172 180
-166 -92 78 -172 180
-166 -82 78 -172 180
-166 -72 78 -172 180
-156 -92 78 -172 180
-156 -82 78 -172 180
-156 -72 78 -172 180
-180 -94 72 -103 180
-180 -84 72 -103 180
-180 -74 72 -103 180
-170 -94 72 -103 180
-170 -84 72 -103 180
-170 -74 72 -103 180
-160 -94 72 -103 180
-160 -84 72 -103 180
-160 -74 72 -103 180
179 -95 -174 84 180
179 -85 -174 84 180
179 -75 -174 84 180
-171 -95 -174 84 180
-171 -85 -174 84 180
-171 -75 -174 84 180
-161 -95 -174 84 180
-161 -85 -174 84 180
-161 -75 -174 84 180
179 -97 -179 -176 180
179 -87 -179 -176 180
179 -77 -179 -176 180
-171 -97 -179 -176 180
-171 -87 -179 -176 180
-171 -77 -179 -176 180
-161 -97 -179 -176 180
-161 -87 -179 -176 180
-161 -77 -179 -176 180
179 -94 -177 -81 180
179 -84 -177 -81 180
179 -74 -177 -81 180
-171 -94 -177 -81 180
-171 -84 -177 -81 180
-171 -74 -177 -81 180
-161 -94 -177 -81 180
-161 -84 -177 -81 180
-161 -74 -177 -81 180
180 -103 -72 104 180
180 -93 -72 104 180
180 -83 -72 104 180
-170 -103 -72 104 180
-170 -93 -72 104 180
-170 -83 -72 104 180
-160 -103 -72 104 180
-160 -93 -72 104 180
-160 -83 -72 104 180
180 -101 -67 170 180
180 -91 -67 170 180
180 -81 -67 170 180
-170 -101 -67 170 180
-170 -91 -67 170 180
-170 -81 -67 170 180
-160 -101 -67 170 180
-160 -91 -67 170 180
-160 -81 -67 170 180
-176 -94 -59 -82 180
-176 -84 -59 -82 180
-176 -74 -59 -82 180
-166 -94 -59 -82 180
-166 -84 -59 -82 180
-166 -74 -59 -82 180
-156 -94 -59 -82 180
-156 -84 -59 -82 180
-156 -74 -59 -82 180
-89 78 66 84 180
-89 88 66 84 180
-89 98 66 84 180
-79 78 66 84 180
-79 88 66 84 180
-79 98 66 84 180
-69 78 66 84 180
-69 88 66 84 180
-69 98 66 84 180
-93 72 70 -178 180
-93 82 70 -178 180
-93 92 70 -178 180
-83 72 70 -178 180
-83 82 70 -178 180
-83 92 70 -178 180
-73 72 70 -178 180
-73 82 70 -178 180
-73 92 70 -178 180
-91 76 67 -102 180
-91 86 67 -102 180
-91 96 67 -102 180
-81 76 67 -102 180
-81 86 67 -102 180
-81 96 67 -102 180
-71 76 67 -102 180
-71 86 67 -102 180
-71 96 67 -102 180
-89 64 -179 85 180
-89 74 -179 85 180
-89 84 -179 85 180
-79 64 -179 85 180
-79 74 -179 85 180
-79 84 -179 85 180
-69 64 -179 85 180
-69 74 -179 85 180
-69 84 -179 85 180
-96 60 175 179 180
-96 70 175 179 180
-96 80 175 179 180
-86 60 175 179 180
-86 70 175 179 180
-86 80 175 179 180
-76 60 175 179 180
-76 70 175 179 180
-76 80 175 179 180
-91 69 177 -82 180
-91 79 177 -82 180
-91 89 177 -82 180
-81 69 177 -82 180
-81 79 177 -82 180
-81 89 177 -82 180
-71 69 177 -82 180
-71 79 177 -82 180
-71 89 177 -82 180
-93 68 -78 103 180
-93 78 -78 103 180
-93 88 -78 103 180
-83 68 -78 103 180
-83 78 -78 103 180
-83 88 -78 103 180
-73 68 -78 103 180
-73 78 -78 103 180
-73 88 -78 103 180
-95 67 -92 169 180
-95 77 -92 169 180
-95 87 -92 169 180
-85 67 -92 169 180
-85 77 -92 169 180
-85 87 -92 169 180
-75 67 -92 169 180
-75 77 -92 169 180
-75 87 -92 169 180
-92 68 -80 -84 180
-92 78 -80 -84 180
-92 88 -80 -84 180
-82 68 -80 -84 180
-82 78 -80 -84 180
-82 88 -80 -84 180
-72 68 -80 -84 180
-72 78 -80 -84 180
-72 88 -80 -84 180
-76 170 66 84 180
-76 180 66 84 180
-76 -170 66 84 180
-66 170 66 84 180
-66 180 66 84 180
-66 -170 66 84 180
-56 170 66 84 180
-56 180 66 84 180
-56 -170 66 84 180
-77 168 66 -170 180
-77 178 66 -170 180
-77 -172 66 -170 180
-67 168 66 -170 180
-67 178 66 -170 180
-67 -172 66 -170 180
-57 168 66 -170 180
-57 178 66 -170 180
-57 -172 66 -170 180
-77 172 63 -102 180
-77 -178 63 -102 180
-77 -168 63 -102 180
-67 172 63 -102 180
-67 -178 63 -102 180
-67 -168 63 -102 180
-57 172 63 -102 180
-57 -178 63 -102 180
-57 -168 63 -102 180
-77 170 179 87 180
-77 180 179 87 180
-77 -170 179 87 180
-67 170 179 87 180
-67 180 179 87 180
-67 -170 179 87 180
-57 170 179 87 180
-57 180 179 87 180
-57 -170 179 87 180
-78 169 -179 176 180
-78 179 -179 176 180
-78 -171 -179 176 180
-68 169 -179 176 180
-68 179 -179 176 180
-68 -171 -179 176 180
-58 169 -179 176 180
-58 179 -179 176 180
-58 -171 -179 176 180
-78 170 -176 -83 180
-78 -180 -176 -83 180
-78 -170 -176 -83 180
-68 170 -176 -83 180
-68 -180 -176 -83 180
-68 -170 -176 -83 180
-58 170 -176 -83 180
-58 -180 -176 -83 180
-58 -170 -176 -83 180
-79 174 -68 102 180
-79 -176 -68 102 180
-79 -166 -68 102 180
-69 174 -68 102 180
-69 -176 -68 102 180
-69 -166 -68 102 180
-59 174 -68 102 180
-59 -176 -68 102 180
-59 -166 -68 102 180
-77 170 -68 173 180
-77 180 -68 173 180
-77 -170 -68 173 180
-67 170 -68 173 180
-67 180 -68 173 180
-67 -170 -68 173 180
-57 170 -68 173 180
-57 180 -68 173 180
-57 -170 -68 173 180
-78 179 -64 -85 180
-78 -171 -64 -85 180
-78 -161 -64 -85 180
-68 179 -64 -85 180
-68 -171 -64 -85 180
-68 -161 -64 -85 180
-58 179 -64 -85 180
-58 -171 -64 -85 180
-58 -161 -64 -85 180
-74 -86 80 80 180
-74 -76 80 80 180
-74 -66 80 80 180
-64 -86 80 80 180
-64 -76 80 80 180
-64 -66 80 80 180
-54 -86 80 80 180
-54 -76 80 80 180
-54 -66 80 80 180
-74 -90 79 -166 180
-74 -80 79 -166 180
-74 -70 79 -166 180
-64 -90 79 -166 180
-64 -80 79 -166 180
-64 -70 79 -166 180
-54 -90 79 -166 180
-54 -80 79 -166 180
-54 -70 79 -166 180
-72 -90 72 -106 180
-72 -80 72 -106 180
-72 -70 72 -106 180
-62 -90 72 -106 180
-62 -80 72 -106 180
-62 -70 72 -106 180
-52 -90 72 -106 180
-52 -80 72 -106 180
-52 -70 72 -106 180
-73 -79 179 84 180
-73 -69 179 84 180
-73 -59 179 84 180
-63 -79 179 84 180
-63 -69 179 84 180
-63 -59 179 84 180
-53 -79 179 84 180
-53 -69 179 84 180
-53 -59 179 84 180
-73 -82 -178 -178 180
-73 -72 -178 -178 180
-73 -62 -178 -178 180
-63 -82 -178 -178 180
-63 -72 -178 -178 180
-63 -62 -178 -178 180
-53 -82 -178 -178 180
-53 -72 -178 -178 180
-53 -62 -178 -178 180
-73 -80 -175 -87 180
-73 -70 -175 -87 180
-73 -60 -175 -87 180
-63 -80 -175 -87 180
-63 -70 -175 -87 180
-63 -60 -175 -87 180
-53 -80 -175 -87 180
-53 -70 -175 -87 180
-53 -60 -175 -87 180
-75 -84 -80 95 180
-75 -74 -80 95 180
-75 -64 -80 95 180
-65 -84 -80 95 180
-65 -74 -80 95 180
-65 -64 -80 95 180
-55 -84 -80 95 180
-55 -74 -80 95 180
-55 -64 -80 95 180
-74 -78 -65 169 180
-74 -68 -65 169 180
-74 -58 -65 169 180
-64 -78 -65 169 180
-64 -68 -65 169 180
-64 -58 -65 169 180
-54 -78 -65 169 180
-54 -68 -65 169 180
-54 -58 -65 169 180
-73 -79 -61 -84 180
-73 -69 -61 -84 180
-73 -59 -61 -84 180
-63 -79 -61 -84 180
-63 -69 -61 -84 180
-63 -59 -61 -84 180
-53 -79 -61 -84 180
-53 -69 -61 -84 180
-53 -59 -61 -84 180
ASN 2 180
N CA CB CG
CA CB CG OD1
40 -125
40 -115
40 -105
50 -125
50 -115
50 -105
60 -125
60 -115
60 -105
54 -64
54 -54
54 -44
64 -64
64 -54
64 -44
74 -64
74 -54
74 -44
55 -8
55 2
55 12
65 -8
65 2
65 12
75 -8
75 2
75 12
50 47
50 57
50 67
60 47
60 57
60 67
70 47
70 57
70 67
59 92
59 102
59 112
69 92
69 102
69 112
79 92
79 102
79 112
59 165
59 175
59 -175
69 165
69 175
69 -175
79 165
79 175
79 -175
-179 -166
-179 -156
-179 -146
-169 -166
-169 -156
-169 -146
-159 -166
-159 -156
-159 -146
174 -125
174 -115
174 -105
-176 -125
-176 -115
-176 -105
-166 -125
-166 -115
-166 -105
176 -76
176 -66
176 -56
-174 -76
-174 -66
-174 -56
-164 -76
-164 -66
-164 -56
179 -30
179 -20
179 -10
-171 -30
-171 -20
-171 -10
-161 -30
-161 -20
-161 -10
-179 14
-179 24
-179 34
-169 14
-169 24
-169 34
-159 14
-159 24
-159 34
178 51
178 61
178 71
-172 51
-172 61
-172 71
-162 51
-162 61
-162 71
-170 112
-170 122
-170 132
-160 112
-160 122
-160 132
-150 112
-150 122
-150 132
179 150
179 160
179 170
-171 150
-171 160
-171 170
-161 150
-161 160
-161 170
-87 -148
-87 -138
-87 -128
-77 -148
-77 -138
-77 -128
-67 -148
-67 -138
-67 -128
-76 -74
-76 -64
-76 -54
-66 -74
-66 -64
-66 -54
-56 -74
-56 -64
-56 -54
-80 -33
-80 -23
-80 -13
-70 -33
-70 -23
-70 -13
-60 -33
-60 -23
-60 -13
-90 24
-90 34
-90 44
-80 24
-80 34
-80 44
-70 24
-70 34
-70 44
-75 86
-75 96
-75 106
-65 86
-65 96
-65 106
-55 86
-55 96
-55 106
-75 130
-75 140
-75 150
-65 130
-65 140
-65 150
-55 130
-55 140
-55 150
ASP 2 81
N CA CB CG
CA CB CG OD1
47 44
47 54
47 64
57 44
57 54
57 64
67 44
67 54
67 64
52 -9
52 1
52 11
62 -9
62 1
62 11
72 -9
72 1
72 11
52 -66
52 -56
52 -46
62 -66
62 -56
62 -46
72 -66
72 -56
72 -46
176 48
176 58
176 68
-174 48
-174 58
-174 68
-164 48
-164 58
-164 68
178 -11
178 -1
178 9
-172 -11
-172 -1
-172 9
-162 -11
-162 -1
-162 9
-178 -66
-178 -56
-178 -46
-168 -66
-168 -56
-168 -46
-158 -66
-158 -56
-158 -46
-79 55
-79 65
-79 75
-69 55
-69 65
-69 75
-59 55
-59 65
-59 75
-82 -23
-82 -13
-82 -3
-72 -23
-72 -13
-72 -3
-62 -23
-62 -13
-62 -3
-75 -60
-75 -50
-75 -40
-65 -60
-65 -50
-65 -40
-55 -60
-55 -50
-55 -40
CYS 2 108
N CA CB SG
CA CB SG HG1
54 0
54 30
54 60
54 90
54 120
54 150
54 180
54 -150
54 -120
54 -90
54 -60
54 -30
64 0
64 30
64 60
64 90
64 120
64 150
64 180
64 -150
64 -120
64 -90
64 -60
64 -30
74 0
74 30
74 60
74 90
74 120
74 150
74 180
74 -150
74 -120
74 -90
74 -60
74 -30
173 0
173 30
173 60
173 90
173 120
173 150
173 180
173 -150
173 -120
173 -90
173 -60
173 -30
-177 0
-177 30
-177 60
-177 90
-177 120
-177 150
-177 180
-177 -150
-177 -120
-177 -90
-177 -60
-177 -30
-167 0
-167 30
-167 60
-167 90
-167 120
-167 150
-167 180
-167 -150
-167 -120
-167 -90
-167 -60
-167 -30
-74 0
-74 30
-74 60
-74 90
-74 120
-74 150
-74 180
-74 -150
-74 -120
-74 -90
-74 -60
-74 -30
-64 0
-64 30
-64 60
-64 90
-64 120
-64 150
-64 180
-64 -150
-64 -120
-64 -90
-64 -60
-64 -30
-54 0
-54 30
-54 60
-54 90
-54 120
-54 150
-54 180
-54 -150
-54 -120
-54 -90
-54 -60
-54 -30
GLN 3 324
N CA CB CG
CA CB CG CD
CB CG CD OE1
54 65 -124
54 75 -124
54 85 -124
64 65 -124
64 75 -124
64 85 -124
74 65 -124
74 75 -124
74 85 -124
55 77 -33
55 87 -33
55 97 -33
65 77 -33
65 87 -33
65 97 -33
75 77 -33
75 87 -33
75 97 -33
52 75 38
52 85 38
52 95 38
62 75 38
62 85 38
62 95 38
72 75 38
72 85 38
72 95 38
58 75 117
58 85 117
58 95 117
68 75 117
68 85 117
68 95 117
78 75 117
78 85 117
78 95 117
52 175 -180
52 -175 -180
52 -165 -180
62 175 -180
62 -175 -180
62 -165 -180
72 175 -180
72 -175 -180
72 -165 -180
54 172 -79
54 -178 -79
54 -168 -79
64 172 -79
64 -178 -79
64 -168 -79
74 172 -79
74 -178 -79
74 -168 -79
55 172 -4
55 -178 -4
55 -168 -4
65 172 -4
65 -178 -4
65 -168 -4
75 172 -4
75 -178 -4
75 -168 -4
55 173 80
55 -177 80
55 -167 80
65 173 80
65 -177 80
65 -167 80
75 173 80
75 -177 80
75 -167 80
54 -92 -112
54 -82 -112
54 -72 -112
64 -92 -112
64 -82 -112
64 -72 -112
74 -92 -112
74 -82 -112
74 -72 -112
56 -86 -34
56 -76 -34
56 -66 -34
66 -86 -34
66 -76 -34
66 -66 -34
76 -86 -34
76 -76 -34
76 -66 -34
55 -100 38
55 -90 38
55 -80 38
65 -100 38
65 -90 38
65 -80 38
75 -100 38
75 -90 38
75 -80 38
48 -90 124
48 -80 124
48 -70 124
58 -90 124
58 -80 124
58 -70 124
68 -90 124
68 -80 124
68 -70 124
176 51 -124
176 61 -124
176 71 -124
-174 51 -124
-174 61 -124
-174 71 -124
-164 51 -124
-164 61 -124
-164 71 -124
175 64 -38
175 74 -38
175 84 -38
-175 64 -38
-175 74 -38
-175 84 -38
-165 64 -38
-165 74 -38
-165 84 -38
174 56 45
174 66 45
174 76 45
-176 56 45
-176 66 45
-176 76 45
-166 56 45
-166 66 45
-166 76 45
172 60 109
172 70 109
172 80 109
-178 60 109
-178 70 109
-178 80 109
-168 60 109
-168 70 109
-168 80 109
174 169 -179
174 179 -179
174 -171 -179
-176 169 -179
-176 179 -179
-176 -171 -179
-166 169 -179
-166 179 -179
-166 -171 -179
172 166 -78
172 176 -78
172 -174 -78
-178 166 -78
-178 176 -78
-178 -174 -78
-168 166 -78
-168 176 -78
-168 -174 -78
173 167 1
173 177 1
173 -173 1
-177 167 1
-177 177 1
-177 -173 1
-167 167 1
-167 177 1
-167 -173 1
173 171 75
173 -179 75
173 -169 75
-177 171 75
-177 -179 75
-177 -169 75
-167 171 75
-167 -179 75
-167 -169 75
-175 -88 -112
-175 -78 -112
-175 -68 -112
-165 -88 -112
-165 -78 -112
-165 -68 -112
-155 -88 -112
-155 -78 -112
-155 -68 -112
-179 -91 -35
-179 -81 -35
-179 -71 -35
-169 -91 -35
-169 -81 -35
-169 -71 -35
-159 -91 -35
-159 -81 -35
-159 -71 -35
-176 -94 46
-176 -84 46
-176 -74 46
-166 -94 46
-166 -84 46
-166 -74 46
-156 -94 46
-156 -84 46
-156 -74 46
179 -86 125
179 -76 125
179 -66 125
-171 -86 125
-171 -76 125
-171 -66 125
-161 -86 125
-161 -76 125
-161 -66 125
-81 63 -124
-81 73 -124
-81 83 -124
-71 63 -124
-71 73 -124
-71 83 -124
-61 63 -124
-61 73 -124
-61 83 -124
-75 77 -35
-75 87 -35
-75 97 -35
-65 77 -35
-65 87 -35
-65 97 -35
-55 77 -35
-55 87 -35
-55 97 -35
-78 65 37
-78 75 37
-78 85 37
-68 65 37
-68 75 37
-68 85 37
-58 65 37
-58 75 37
-58 85 37
-82 74 110
-82 84 110
-82 94 110
-72 74 110
-72 84 110
-72 94 110
-62 74 110
-62 84 110
-62 94 110
-77 169 -178
-77 179 -178
-77 -171 -178
-67 169 -178
-67 179 -178
-67 -171 -178
-57 169 -178
-57 179 -178
-57 -171 -178
-77 170 -77
-77 -180 -77
-77 -170 -77
-67 170 -77
-67 -180 -77
-67 -170 -77
-57 170 -77
-57 -180 -77
-57 -170 -77
-78 168 -1
-78 178 -1
-78 -172 -1
-68 168 -1
-68 178 -1
-68 -172 -1
-58 168 -1
-58 178 -1
-58 -172 -1
-76 171 75
-76 -179 75
-76 -169 75
-66 171 75
-66 -179 75
-66 -169 75
-56 171 75
-56 -179 75
-56 -169 75
-76 -92 -112
-76 -82 -112
-76 -72 -112
-66 -92 -112
-66 -82 -112
-66 -72 -112
-56 -92 -112
-56 -82 -112
-56 -72 -112
-73 -73 -46
-73 -63 -46
-73 -53 -46
-63 -73 -46
-63 -63 -46
-63 -53 -46
-53 -73 -46
-53 -63 -46
-53 -53 -46
-77 -86 44
-77 -76 44
-77 -66 44
-67 -86 44
-67 -76 44
-67 -66 44
-57 -86 44
-57 -76 44
-57 -66 44
-78 -71 120
-78 -61 120
-78 -51 120
-68 -71 120
-68 -61 120
-68 -51 120
-58 -71 120
-58 -61 120
-58 -51 120
GLU 3 243
N CA CB CG
CA CB CG CD
CB CG CD OE1
44 73 49
44 83 49
44 93 49
54 73 49
54 83 49
54 93 49
64 73 49
64 83 49
64 93 49
44 78 6
44 88 6
44 98 6
54 78 6
54 88 6
54 98 6
64 78 6
64 88 6
64 98 6
41 69 -61
41 79 -61
41 89 -61
51 69 -61
51 79 -61
51 89 -61
61 69 -61
61 79 -61
61 89 -61
54 172 59
54 -178 59
54 -168 59
64 172 59
64 -178 59
64 -168 59
74 172 59
74 -178 59
74 -168 59
55 173 2
55 -177 2
55 -167 2
65 173 2
65 -177 2
65 -167 2
75 173 2
75 -177 2
75 -167 2
55 173 -58
55 -177 -58
55 -167 -58
65 173 -58
65 -177 -58
65 -167 -58
75 173 -58
75 -177 -58
75 -167 -58
49 -103 51
49 -93 51
49 -83 51
59 -103 51
59 -93 51
59 -83 51
69 -103 51
69 -93 51
69 -83 51
58 -92 3
58 -82 3
58 -72 3
68 -92 3
68 -82 3
68 -72 3
78 -92 3
78 -82 3
78 -72 3
55 -84 -51
55 -74 -51
55 -64 -51
65 -84 -51
65 -74 -51
65 -64 -51
75 -84 -51
75 -74 -51
75 -64 -51
177 52 52
177 62 52
177 72 52
-173 52 52
-173 62 52
-173 72 52
-163 52 52
-163 62 52
-163 72 52
172 58 10
172 68 10
172 78 10
-178 58 10
-178 68 10
-178 78 10
-168 58 10
-168 68 10
-168 78 10
176 62 -65
176 72 -65
176 82 -65
-174 62 -65
-174 72 -65
-174 82 -65
-164 62 -65
-164 72 -65
-164 82 -65
172 166 57
172 176 57
172 -174 57
-178 166 57
-178 176 57
-178 -174 57
-168 166 57
-168 176 57
-168 -174 57
173 168 0
173 178 0
173 -172 0
-177 168 0
-177 178 0
-177 -172 0
-167 168 0
-167 178 0
-167 -172 0
175 169 -57
175 179 -57
175 -171 -57
-175 169 -57
-175 179 -57
-175 -171 -57
-165 169 -57
-165 179 -57
-165 -171 -57
-166 -87 63
-166 -77 63
-166 -67 63
-156 -87 63
-156 -77 63
-156 -67 63
-146 -87 63
-146 -77 63
-146 -67 63
-179 -96 -14
-179 -86 -14
-179 -76 -14
-169 -96 -14
-169 -86 -14
-169 -76 -14
-159 -96 -14
-159 -86 -14
-159 -76 -14
-176 -90 -50
-176 -80 -50
-176 -70 -50
-166 -90 -50
-166 -80 -50
-166 -70 -50
-156 -90 -50
-156 -80 -50
-156 -70 -50
-76 61 52
-76 71 52
-76 81 52
-66 61 52
-66 71 52
-66 81 52
-56 61 52
-56 71 52
-56 81 52
-76 72 2
-76 82 2
-76 92 2
-66 72 2
-66 82 2
-66 92 2
-56 72 2
-56 82 2
-56 92 2
-77 81 -54
-77 91 -54
-77 101 -54
-67 81 -54
-67 91 -54
-67 101 -54
-57 81 -54
-57 91 -54
-57 101 -54
-78 169 56
-78 179 56
-78 -171 56
-68 169 56
-68 179 56
-68 -171 56
-58 169 56
-58 179 56
-58 -171 56
-78 168 -2
-78 178 -2
-78 -172 -2
-68 168 -2
-68 178 -2
-68 -172 -2
-58 168 -2
-58 178 -2
-58 -172 -2
-75 172 -55
-75 -178 -55
-75 -168 -55
-65 172 -55
-65 -178 -55
-65 -168 -55
-55 172 -55
-55 -178 -55
-55 -168 -55
-74 -89 64
-74 -79 64
-74 -69 64
-64 -89 64
-64 -79 64
-64 -69 64
-54 -89 64
-54 -79 64
-54 -69 64
-74 -81 -10
-74 -71 -10
-74 -61 -10
-64 -81 -10
-64 -71 -10
-64 -61 -10
-54 -81 -10
-54 -71 -10
-54 -61 -10
-78 -71 -52
-78 -61 -52
-78 -51 -52
-68 -71 -52
-68 -61 -52
-68 -51 -52
-58 -71 -52
-58 -61 -52
-58 -51 -52
GLY 0 0
ILE 2 81
N CA CB CG1
CA CB CG1 CD
51 75
51 85
51 95
61 75
61 85
61 95
71 75
71 85
71 95
51 161
51 171
51 -179
61 161
61 171
61 -179
71 161
71 171
71 -179
52 -90
52 -80
52 -70
62 -90
62 -80
62 -70
72 -90
72 -80
72 -70
-178 57
-178 67
-178 77
-168 57
-168 67
-168 77
-158 57
-158 67
-158 77
179 157
179 167
179 177
-171 157
-171 167
-171 177
-161 157
-161 167
-161 177
-176 -88
-176 -78
-176 -68
-166 -88
-166 -78
-166 -68
-156 -88
-156 -78
-156 -68
-77 73
-77 83
-77 93
-67 73
-67 83
-67 93
-57 73
-57 83
-57 93
-74 160
-74 170
-74 -180
-64 160
-64 170
-64 -180
-54 160
-54 170
-54 -180
-69 -71
-69 -61
-69 -51
-59 -71
-59 -61
-59 -51
-49 -71
-49 -61
-49 -51
LEU 2 81
N CA CB CG
CA CB CG CD1
49 71
49 81
49 91
59 71
59 81
59 91
69 71
69 81
69 91
62 155
62 165
62 175
72 155
72 165
72 175
82 155
82 165
82 175
48 -84
48 -74
48 -64
58 -84
58 -74
58 -64
68 -84
68 -74
68 -64
171 53
171 63
171 73
-179 53
-179 63
-179 73
-169 53
-169 63
-169 73
-175 161
-175 171
-175 -179
-165 161
-165 171
-165 -179
-155 161
-155 171
-155 -179
-180 -83
-180 -73
-180 -63
-170 -83
-170 -73
-170 -63
-160 -83
-160 -73
-160 -63
-96 45
-96 55
-96 65
-86 45
-86 55
-86 65
-76 45
-76 55
-76 65
-75 164
-75 174
-75 -176
-65 164
-65 174
-65 -176
-55 164
-55 174
-55 -176
-92 -65
-92 -55
-92 -45
-82 -65
-82 -55
-82 -45
-72 -65
-72 -55
-72 -45
LYS 5 729
N CA CB CG
CA CB CG CD
CB CG CD CE
CG CD CE NZ
CD CE NZ HZ1
57 66 66 71 180
57 76 66 71 180
57 86 66 71 180
67 66 66 71 180
67 76 66 71 180
67 86 66 71 180
77 66 66 71 180
77 76 66 71 180
77 86 66 71 180
60 67 67 176 180
60 77 67 176 180
60 87 67 176 180
70 67 67 176 180
70 77 67 176 180
70 87 67 176 180
80 67 67 176 180
80 77 67 176 180
80 87 67 176 180
48 64 86 -83 180
48 74 86 -83 180
48 84 86 -83 180
58 64 86 -83 180
58 74 86 -83 180
58 84 86 -83 180
68 64 86 -83 180
68 74 86 -83 180
68 84 86 -83 180
56 68 175 63 180
56 78 175 63 180
56 88 175 63 180
66 68 175 63 180
66 78 175 63 180
66 88 175 63 180
76 68 175 63 180
76 78 175 63 180
76 88 175 63 180
59 67 177 175 180
59 77 177 175 180
59 87 177 175 180
69 67 177 175 180
69 77 177 175 180
69 87 177 175 180
79 67 177 175 180
79 77 177 175 180
79 87 177 175 180
59 68 -178 -68 180
59 78 -178 -68 180
59 88 -178 -68 180
69 68 -178 -68 180
69 78 -178 -68 180
69 88 -178 -68 180
79 68 -178 -68 180
79 78 -178 -68 180
79 88 -178 -68 180
57 72 -86 75 180
57 82 -86 75 180
57 92 -86 75 180
67 72 -86 75 180
67 82 -86 75 180
67 92 -86 75 180
77 72 -86 75 180
77 82 -86 75 180
77 92 -86 75 180
60 75 -94 -177 180
60 85 -94 -177 180
60 95 -94 -177 180
70 75 -94 -177 180
70 85 -94 -177 180
70 95 -94 -177 180
80 75 -94 -177 180
80 85 -94 -177 180
80 95 -94 -177 180
57 72 -84 -67 180
57 82 -84 -67 180
57 92 -84 -67 180
67 72 -84 -67 180
67 82 -84 -67 180
67 92 -84 -67 180
77 72 -84 -67 180
77 82 -84 -67 180
77 92 -84 -67 180
56 166 68 69 180
56 176 68 69 180
56 -174 68 69 180
66 166 68 69 180
66 176 68 69 180
66 -174 68 69 180
76 166 68 69 180
76 176 68 69 180
76 -174 68 69 180
55 165 71 175 180
55 175 71 175 180
55 -175 71 175 180
65 165 71 175 180
65 175 71 175 180
65 -175 71 175 180
75 165 71 175 180
75 175 71 175 180
75 -175 71 175 180
58 171 87 -85 180
58 -179 87 -85 180
58 -169 87 -85 180
68 171 87 -85 180
68 -179 87 -85 180
68 -169 87 -85 180
78 171 87 -85 180
78 -179 87 -85 180
78 -169 87 -85 180
56 172 173 67 180
56 -178 173 67 180
56 -168 173 67 180
66 172 173 67 180
66 -178 173 67 180
66 -168 173 67 180
76 172 173 67 180
76 -178 173 67 180
76 -168 173 67 180
56 171 -180 180 180
56 -179 -180 180 180
56 -169 -180 180 180
66 171 -180 180 180
66 -179 -180 180 180
66 -169 -180 180 180
76 171 -180 180 180
76 -179 -180 180 180
76 -169 -180 180 180
56 172 -176 -69 180
56 -178 -176 -69 180
56 -168 -176 -69 180
66 172 -176 -69 180
66 -178 -176 -69 180
66 -168 -176 -69 180
76 172 -176 -69 180
76 -178 -176 -69 180
76 -168 -176 -69 180
57 175 -72 74 180
57 -175 -72 74 180
57 -165 -72 74 180
67 175 -72 74 180
67 -175 -72 74 180
67 -165 -72 74 180
77 175 -72 74 180
77 -175 -72 74 180
77 -165 -72 74 180
54 178 -68 -177 180
54 -172 -68 -177 180
54 -162 -68 -177 180
64 178 -68 -177 180
64 -172 -68 -177 180
64 -162 -68 -177 180
74 178 -68 -177 180
74 -172 -68 -177 180
74 -162 -68 -177 180
57 176 -70 -68 180
57 -174 -70 -68 180
57 -164 -70 -68 180
67 176 -70 -68 180
67 -174 -70 -68 180
67 -164 -70 -68 180
77 176 -70 -68 180
77 -174 -70 -68 180
77 -164 -70 -68 180
57 -93 81 70 180
57 -83 81 70 180
57 -73 81 70 180
67 -93 81 70 180
67 -83 81 70 180
67 -73 81 70 180
77 -93 81 70 180
77 -83 81 70 180
77 -73 81 70 180
54 -94 88 178 180
54 -84 88 178 180
54 -74 88 178 180
64 -94 88 178 180
64 -84 88 178 180
64 -74 88 178 180
74 -94 88 178 180
74 -84 88 178 180
74 -74 88 178 180
57 -91 88 -80 180
57 -81 88 -80 180
57 -71 88 -80 180
67 -91 88 -80 180
67 -81 88 -80 180
67 -71 88 -80 180
77 -91 88 -80 180
77 -81 88 -80 180
77 -71 88 -80 180
62 -90 -179 65 180
62 -80 -179 65 180
62 -70 -179 65 180
72 -90 -179 65 180
72 -80 -179 65 180
72 -70 -179 65 180
82 -90 -179 65 180
82 -80 -179 65 180
82 -70 -179 65 180
59 -90 -178 177 180
59 -80 -178 177 180
59 -70 -178 177 180
69 -90 -178 177 180
69 -80 -178 177 180
69 -70 -178 177 180
79 -90 -178 177 180
79 -80 -178 177 180
79 -70 -178 177 180
54 -92 174 -66 180
54 -82 174 -66 180
54 -72 174 -66 180
64 -92 174 -66 180
64 -82 174 -66 180
64 -72 174 -66 180
74 -92 174 -66 180
74 -82 174 -66 180
74 -72 174 -66 180
57 -87 -78 75 180
57 -77 -78 75 180
57 -67 -78 75 180
67 -87 -78 75 180
67 -77 -78 75 180
67 -67 -78 75 180
77 -87 -78 75 180
77 -77 -78 75 180
77 -67 -78 75 180
54 -88 -68 180 180
54 -78 -68 180 180
54 -68 -68 180 180
64 -88 -68 180 180
64 -78 -68 180 180
64 -68 -68 180 180
74 -88 -68 180 180
74 -78 -68 180 180
74 -68 -68 180 180
58 -88 -76 -67 180
58 -78 -76 -67 180
58 -68 -76 -67 180
68 -88 -76 -67 180
68 -78 -76 -67 180
68 -68 -76 -67 180
78 -88 -76 -67 180
78 -78 -76 -67 180
78 -68 -76 -67 180
171 58 65 66 180
171 68 65 66 180
171 78 65 66 180
-179 58 65 66 180
-179 68 65 66 180
-179 78 65 66 180
-169 58 65 66 180
-169 68 65 66 180
-169 78 65 66 180
177 56 71 180 180
177 66 71 180 180
177 76 71 180 180
-173 56 71 180 180
-173 66 71 180 180
-173 76 71 180 180
-163 56 71 180 180
-163 66 71 180 180
-163 76 71 180 180
171 59 81 -81 180
171 69 81 -81 180
171 79 81 -81 180
-179 59 81 -81 180
-179 69 81 -81 180
-179 79 81 -81 180
-169 59 81 -81 180
-169 69 81 -81 180
-169 79 81 -81 180
172 58 171 67 180
172 68 171 67 180
172 78 171 67 180
-178 58 171 67 180
-178 68 171 67 180
-178 78 171 67 180
-168 58 171 67 180
-168 68 171 67 180
-168 78 171 67 180
172 60 176 179 180
172 70 176 179 180
172 80 176 179 180
-178 60 176 179 180
-178 70 176 179 180
-178 80 176 179 180
-168 60 176 179 180
-168 70 176 179 180
-168 80 176 179 180
176 57 -178 -66 180
176 67 -178 -66 180
176 77 -178 -66 180
-174 57 -178 -66 180
-174 67 -178 -66 180
-174 77 -178 -66 180
-164 57 -178 -66 180
-164 67 -178 -66 180
-164 77 -178 -66 180
180 77 -91 77 180
180 87 -91 77 180
180 97 -91 77 180
-170 77 -91 77 180
-170 87 -91 77 180
-170 97 -91 77 180
-160 77 -91 77 180
-160 87 -91 77 180
-160 97 -91 77 180
177 78 -92 -178 180
177 88 -92 -178 180
177 98 -92 -178 180
-173 78 -92 -178 180
-173 88 -92 -178 180
-173 98 -92 -178 180
-163 78 -92 -178 180
-163 88 -92 -178 180
-163 98 -92 -178 180
176 76 -86 -69 180
176 86 -86 -69 180
176 96 -86 -69 180
-174 76 -86 -69 180
-174 86 -86 -69 180
-174 96 -86 -69 180
-164 76 -86 -69 180
-164 86 -86 -69 180
-164 96 -86 -69 180
176 164 73 70 180
176 174 73 70 180
176 -176 73 70 180
-174 164 73 70 180
-174 174 73 70 180
-174 -176 73 70 180
-164 164 73 70 180
-164 174 73 70 180
-164 -176 73 70 180
172 164 72 178 180
172 174 72 178 180
172 -176 72 178 180
-178 164 72 178 180
-178 174 72 178 180
-178 -176 72 178 180
-168 164 72 178 180
-168 174 72 178 180
-168 -176 72 178 180
178 159 87 -78 180
178 169 87 -78 180
178 179 87 -78 180
-172 159 87 -78 180
-172 169 87 -78 180
-172 179 87 -78 180
-162 159 87 -78 180
-162 169 87 -78 180
-162 179 87 -78 180
173 166 175 65 180
173 176 175 65 180
173 -174 175 65 180
-177 166 175 65 180
-177 176 175 65 180
-177 -174 175 65 180
-167 166 175 65 180
-167 176 175 65 180
-167 -174 175 65 180
173 167 180 180 180
173 177 180 180 180
173 -173 180 180 180
-177 167 180 180 180
-177 177 180 180 180
-177 -173 180 180 180
-167 167 180 180 180
-167 177 180 180 180
-167 -173 180 180 180
173 167 -177 -67 180
173 177 -177 -67 180
173 -173 -177 -67 180
-177 167 -177 -67 180
-177 177 -177 -67 180
-177 -173 -177 -67 180
-167 167 -177 -67 180
-167 177 -177 -67 180
-167 -173 -177 -67 180
170 172 -76 71 180
170 -178 -76 71 180
170 -168 -76 71 180
180 172 -76 71 180
180 -178 -76 71 180
180 -168 -76 71 180
-170 172 -76 71 180
-170 -178 -76 71 180
-170 -168 -76 71 180
175 173 -70 -177 180
175 -177 -70 -177 180
175 -167 -70 -177 180
-175 173 -70 -177 180
-175 -177 -70 -177 180
-175 -167 -70 -177 180
-165 173 -70 -177 180
-165 -177 -70 -177 180
-165 -167 -70 -177 180
175 171 -71 -65 180
175 -179 -71 -65 180
175 -169 -71 -65 180
-175 171 -71 -65 180
-175 -179 -71 -65 180
-175 -169 -71 -65 180
-165 171 -71 -65 180
-165 -179 -71 -65 180
-165 -169 -71 -65 180
-172 -92 82 74 180
-172 -82 82 74 180
-172 -72 82 74 180
-162 -92 82 74 180
-162 -82 82 74 180
-162 -72 82 74 180
-152 -92 82 74 180
-152 -82 82 74 180
-152 -72 82 74 180
-173 -93 96 -179 180
-173 -83 96 -179 180
-173 -73 96 -179 180
-163 -93 96 -179 180
-163 -83 96 -179 180
-163 -73 96 -179 180
-153 -93 96 -179 180
-153 -83 96 -179 180
-153 -73 96 -179 180
-174 -93 88 -80 180
-174 -83 88 -80 180
-174 -73 88 -80 180
-164 -93 88 -80 180
-164 -83 88 -80 180
-164 -73 88 -80 180
-154 -93 88 -80 180
-154 -83 88 -80 180
-154 -73 88 -80 180
-171 -88 -178 66 180
-171 -78 -178 66 180
-171 -68 -178 66 180
-161 -88 -178 66 180
-161 -78 -178 66 180
-161 -68 -178 66 180
-151 -88 -178 66 180
-151 -78 -178 66 180
-151 -68 -178 66 180
-175 -97 -177 -179 180
-175 -87 -177 -179 180
-175 -77 -177 -179 180
-165 -97 -177 -179 180
-165 -87 -177 -179 180
-165 -77 -177 -179 180
-155 -97 -177 -179 180
-155 -87 -177 -179 180
-155 -77 -177 -179 180
-176 -93 -178 -67 180
-176 -83 -178 -67 180
-176 -73 -178 -67 180
-166 -93 -178 -67 180
-166 -83 -178 -67 180
-166 -73 -178 -67 180
-156 -93 -178 -67 180
-156 -83 -178 -67 180
-156 -73 -178 -67 180
-170 -100 -81 68 180
-170 -90 -81 68 180
-170 -80 -81 68 180
-160 -100 -81 68 180
-160 -90 -81 68 180
-160 -80 -81 68 180
-150 -100 -81 68 180
-150 -90 -81 68 180
-150 -80 -81 68 180
-177 -107 -69 178 180
-177 -97 -69 178 180
-177 -87 -69 178 180
-167 -107 -69 178 180
-167 -97 -69 178 180
-167 -87 -69 178 180
-157 -107 -69 178 180
-157 -97 -69 178 180
-157 -87 -69 178 180
-178 -104 -76 -66 180
-178 -94 -76 -66 180
-178 -84 -76 -66 180
-168 -104 -76 -66 180
-168 -94 -76 -66 180
-168 -84 -76 -66 180
-158 -104 -76 -66 180
-158 -94 -76 -66 180
-158 -84 -76 -66 180
-98 71 68 69 180
-98 81 68 69 180
-98 91 68 69 180
-88 71 68 69 180
-88 81 68 69 180
-88 91 68 69 180
-78 71 68 69 180
-78 81 68 69 180
-78 91 68 69 180
-91 71 67 -180 180
-91 81 67 -180 180
-91 91 67 -180 180
-81 71 67 -180 180
-81 81 67 -180 180
-81 91 67 -180 180
-71 71 67 -180 180
-71 81 67 -180 180
-71 91 67 -180 180
-97 76 84 -83 180
-97 86 84 -83 180
-97 96 84 -83 180
-87 76 84 -83 180
-87 86 84 -83 180
-87 96 84 -83 180
-77 76 84 -83 180
-77 86 84 -83 180
-77 96 84 -83 180
-91 66 176 62 180
-91 76 176 62 180
-91 86 176 62 180
-81 66 176 62 180
-81 76 176 62 180
-81 86 176 62 180
-71 66 176 62 180
-71 76 176 62 180
-71 86 176 62 180
-91 64 -178 178 180
-91 74 -178 178 180
-91 84 -178 178 180
-81 64 -178 178 180
-81 74 -178 178 180
-81 84 -178 178 180
-71 64 -178 178 180
-71 74 -178 178 180
-71 84 -178 178 180
-98 64 178 -62 180
-98 74 178 -62 180
-98 84 178 -62 180
-88 64 178 -62 180
-88 74 178 -62 180
-88 84 178 -62 180
-78 64 178 -62 180
-78 74 178 -62 180
-78 84 178 -62 180
-97 73 -86 68 180
-97 83 -86 68 180
-97 93 -86 68 180
-87 73 -86 68 180
-87 83 -86 68 180
-87 93 -86 68 180
-77 73 -86 68 180
-77 83 -86 68 180
-77 93 -86 68 180
-93 61 -96 -172 180
-93 71 -96 -172 180
-93 81 -96 -172 180
-83 61 -96 -172 180
-83 71 -96 -172 180
-83 81 -96 -172 180
-73 61 -96 -172 180
-73 71 -96 -172 180
-73 81 -96 -172 180
-96 68 -86 -66 180
-96 78 -86 -66 180
-96 88 -86 -66 180
-86 68 -86 -66 180
-86 78 -86 -66 180
-86 88 -86 -66 180
-76 68 -86 -66 180
-76 78 -86 -66 180
-76 88 -86 -66 180
-80 169 73 72 180
-80 179 73 72 180
-80 -171 73 72 180
-70 169 73 72 180
-70 179 73 72 180
-70 -171 73 72 180
-60 169 73 72 180
-60 179 73 72 180
-60 -171 73 72 180
-78 166 69 177 180
-78 176 69 177 180
-78 -174 69 177 180
-68 166 69 177 180
-68 176 69 177 180
-68 -174 69 177 180
-58 166 69 177 180
-58 176 69 177 180
-58 -174 69 177 180
-80 165 84 -76 180
-80 175 84 -76 180
-80 -175 84 -76 180
-70 165 84 -76 180
-70 175 84 -76 180
-70 -175 84 -76 180
-60 165 84 -76 180
-60 175 84 -76 180
-60 -175 84 -76 180
-77 172 178 66 180
-77 -178 178 66 180
-77 -168 178 66 180
-67 172 178 66 180
-67 -178 178 66 180
-67 -168 178 66 180
-57 172 178 66 180
-57 -178 178 66 180
-57 -168 178 66 180
-77 171 -179 180 180
-77 -179 -179 180 180
-77 -169 -179 180 180
-67 171 -179 180 180
-67 -179 -179 180 180
-67 -169 -179 180 180
-57 171 -179 180 180
-57 -179 -179 180 180
-57 -169 -179 180 180
-77 172 -178 -66 180
-77 -178 -178 -66 180
-77 -168 -178 -66 180
-67 172 -178 -66 180
-67 -178 -178 -66 180
-67 -168 -178 -66 180
-57 172 -178 -66 180
-57 -178 -178 -66 180
-57 -168 -178 -66 180
-77 175 -76 78 180
-77 -175 -76 78 180
-77 -165 -76 78 180
-67 175 -76 78 180
-67 -175 -76 78 180
-67 -165 -76 78 180
-57 175 -76 78 180
-57 -175 -76 78 180
-57 -165 -76 78 180
-78 175 -73 -176 180
-78 -175 -73 -176 180
-78 -165 -73 -176 180
-68 175 -73 -176 180
-68 -175 -73 -176 180
-68 -165 -73 -176 180
-58 175 -73 -176 180
-58 -175 -73 -176 180
-58 -165 -73 -176 180
-75 175 -72 -66 180
-75 -175 -72 -66 180
-75 -165 -72 -66 180
-65 175 -72 -66 180
-65 -175 -72 -66 180
-65 -165 -72 -66 180
-55 175 -72 -66 180
-55 -175 -72 -66 180
-55 -165 -72 -66 180
-75 -86 85 76 180
-75 -76 85 76 180
-75 -66 85 76 180
-65 -86 85 76 180
-65 -76 85 76 180
-65 -66 85 76 180
-55 -86 85 76 180
-55 -76 85 76 180
-55 -66 85 76 180
-72 -87 91 -180 180
-72 -77 91 -180 180
-72 -67 91 -180 180
-62 -87 91 -180 180
-62 -77 91 -180 180
-62 -67 91 -180 180
-52 -87 91 -180 180
-52 -77 91 -180 180
-52 -67 91 -180 180
-72 -93 88 -84 180
-72 -83 88 -84 180
-72 -73 88 -84 180
-62 -93 88 -84 180
-62 -83 88 -84 180
-62 -73 88 -84 180
-52 -93 88 -84 180
-52 -83 88 -84 180
-52 -73 88 -84 180
-74 -78 -178 64 180
-74 -68 -178 64 180
-74 -58 -178 64 180
-64 -78 -178 64 180
-64 -68 -178 64 180
-64 -58 -178 64 180
-54 -78 -178 64 180
-54 -68 -178 64 180
-54 -58 -178 64 180
-72 -76 -177 -178 180
-72 -66 -177 -178 180
-72 -56 -177 -178 180
-62 -76 -177 -178 180
-62 -66 -177 -178 180
-62 -56 -177 -178 180
-52 -76 -177 -178 180
-52 -66 -177 -178 180
-52 -56 -177 -178 180
-70 -77 -174 -69 180
-70 -67 -174 -69 180
-70 -57 -174 -69 180
-60 -77 -174 -69 180
-60 -67 -174 -69 180
-60 -57 -174 -69 180
-50 -77 -174 -69 180
-50 -67 -174 -69 180
-50 -57 -174 -69 180
-75 -79 -77 78 180
-75 -69 -77 78 180
-75 -59 -77 78 180
-65 -79 -77 78 180
-65 -69 -77 78 180
-65 -59 -77 78 180
-55 -79 -77 78 180
-55 -69 -77 78 180
-55 -59 -77 78 180
-73 -76 -70 -180 180
-73 -66 -70 -180 180
-73 -56 -70 -180 180
-63 -76 -70 -180 180
-63 -66 -70 -180 180
-63 -56 -70 -180 180
-53 -76 -70 -180 180
-53 -66 -70 -180 180
-53 -56 -70 -180 180
-70 -78 -73 -73 180
-70 -68 -73 -73 180
-70 -58 -73 -73 180
-60 -78 -73 -73 180
-60 -68 -73 -73 180
-60 -58 -73 -73 180
-50 -78 -73 -73 180
-50 -68 -73 -73 180
-50 -58 -73 -73 180
MET 3 243
N CA CB CG
CA CB CG SD
CB CG SD CE
51 68 73
51 78 73
51 88 73
61 68 73
61 78 73
61 88 73
71 68 73
71 78 73
71 88 73
48 68 178
48 78 178
48 88 178
58 68 178
58 78 178
58 88 178
68 68 178
68 78 178
68 88 178
49 68 -97
49 78 -97
49 88 -97
59 68 -97
59 78 -97
59 88 -97
69 68 -97
69 78 -97
69 88 -97
54 172 76
54 -178 76
54 -168 76
64 172 76
64 -178 76
64 -168 76
74 172 76
74 -178 76
74 -168 76
55 174 -175
55 -176 -175
55 -166 -175
65 174 -175
65 -176 -175
65 -166 -175
75 174 -175
75 -176 -175
75 -166 -175
53 169 -72
53 179 -72
53 -171 -72
63 169 -72
63 179 -72
63 -171 -72
73 169 -72
73 179 -72
73 -171 -72
62 -80 100
62 -70 100
62 -60 100
72 -80 100
72 -70 100
72 -60 100
82 -80 100
82 -70 100
82 -60 100
62 -80 174
62 -70 174
62 -60 174
72 -80 174
72 -70 174
72 -60 174
82 -80 174
82 -70 174
82 -60 174
63 -82 -71
63 -72 -71
63 -62 -71
73 -82 -71
73 -72 -71
73 -62 -71
83 -82 -71
83 -72 -71
83 -62 -71
174 54 72
174 64 72
174 74 72
-176 54 72
-176 64 72
-176 74 72
-166 54 72
-166 64 72
-166 74 72
176 59 -166
176 69 -166
176 79 -166
-174 59 -166
-174 69 -166
-174 79 -166
-164 59 -166
-164 69 -166
-164 79 -166
178 67 -97
178 77 -97
178 87 -97
-172 67 -97
-172 77 -97
-172 87 -97
-162 67 -97
-162 77 -97
-162 87 -97
172 169 72
172 179 72
172 -171 72
-178 169 72
-178 179 72
-178 -171 72
-168 169 72
-168 179 72
-168 -171 72
173 165 177
173 175 177
173 -175 177
-177 165 177
-177 175 177
-177 -175 177
-167 165 177
-167 175 177
-167 -175 177
175 170 -72
175 180 -72
175 -170 -72
-175 170 -72
-175 180 -72
-175 -170 -72
-165 170 -72
-165 180 -72
-165 -170 -72
171 -84 100
171 -74 100
171 -64 100
-179 -84 100
-179 -74 100
-179 -64 100
-169 -84 100
-169 -74 100
-169 -64 100
172 -88 173
172 -78 173
172 -68 173
-178 -88 173
-178 -78 173
-178 -68 173
-168 -88 173
-168 -78 173
-168 -68 173
171 -92 -73
171 -82 -73
171 -72 -73
-179 -92 -73
-179 -82 -73
-179 -72 -73
-169 -92 -73
-169 -82 -73
-169 -72 -73
-89 57 73
-89 67 73
-89 77 73
-79 57 73
-79 67 73
-79 77 73
-69 57 73
-69 67 73
-69 77 73
-89 59 -176
-89 69 -176
-89 79 -176
-79 59 -176
-79 69 -176
-79 79 -176
-69 59 -176
-69 69 -176
-69 79 -176
-88 61 -99
-88 71 -99
-88 81 -99
-78 61 -99
-78 71 -99
-78 81 -99
-68 61 -99
-68 71 -99
-68 81 -99
-77 168 70
-77 178 70
-77 -172 70
-67 168 70
-67 178 70
-67 -172 70
-57 168 70
-57 178 70
-57 -172 70
-77 169 -178
-77 179 -178
-77 -171 -178
-67 169 -178
-67 179 -178
-67 -171 -178
-57 169 -178
-57 179 -178
-57 -171 -178
-78 174 -74
-78 -176 -74
-78 -166 -74
-68 174 -74
-68 -176 -74
-68 -166 -74
-58 174 -74
-58 -176 -74
-58 -166 -74
-76 -75 100
-76 -65 100
-76 -55 100
-66 -75 100
-66 -65 100
-66 -55 100
-56 -75 100
-56 -65 100
-56 -55 100
-73 -74 172
-73 -64 172
-73 -54 172
-63 -74 172
-63 -64 172
-63 -54 172
-53 -74 172
-53 -64 172
-53 -54 172
-76 -72 -69
-76 -62 -69
-76 -52 -69
-66 -72 -69
-66 -62 -69
-66 -52 -69
-56 -72 -69
-56 -62 -69
-56 -52 -69
PHE 5 54
N CA CB CG
CA CB CG CD1
CB CG CD1 CE1
CB CG CD2 CE2
CG CD1 CE1 CZ
53 80 -177 177 0
53 -90 -177 177 0
53 -80 -177 177 0
63 80 -177 177 0
63 -90 -177 177 0
63 -80 -177 177 0
73 80 -177 177 0
73 -90 -177 177 0
73 -80 -177 177 0
52 -16 -177 177 0
52 -6 -177 177 0
52 4 -177 177 0
62 -16 -177 177 0
62 -6 -177 177 0
62 4 -177 177 0
72 -16 -177 177 0
72 -6 -177 177 0
72 4 -177 177 0
171 68 -177 177 0
171 78 -177 177 0
171 88 -177 177 0
-179 68 -177 177 0
-179 78 -177 177 0
-179 88 -177 177 0
-169 68 -177 177 0
-169 78 -177 177 0
-169 88 -177 177 0
176 11 -177 177 0
176 21 -177 177 0
176 31 -177 177 0
-174 11 -177 177 0
-174 21 -177 177 0
-174 31 -177 177 0
-164 11 -177 177 0
-164 21 -177 177 0
-164 31 -177 177 0
-77 88 -177 177 0
-77 -82 -177 177 0
-77 -72 -177 177 0
-67 88 -177 177 0
-67 -82 -177 177 0
-67 -72 -177 177 0
-57 88 -177 177 0
-57 -82 -177 177 0
-57 -72 -177 177 0
-78 -25 -177 177 0
-78 -15 -177 177 0
-78 -5 -177 177 0
-68 -25 -177 177 0
-68 -15 -177 177 0
-68 -5 -177 177 0
-58 -25 -177 177 0
-58 -15 -177 177 0
-58 -5 -177 177 0
PRO 2 18
N CA CB CG
CA CB CG CD
17 -45
17 -35
17 -25
27 -45
27 -35
27 -25
37 -45
37 -35
37 -25
-35 26
-35 36
-35 46
-25 26
-25 36
-25 46
-15 26
-15 36
-15 46
SER 2 108
N CA CB OG
CA CB OG HG1
55 0
55 30
55 60
55 90
55 120
55 150
55 180
55 -150
55 -120
55 -90
55 -60
55 -30
65 0
65 30
65 60
65 90
65 120
65 150
65 180
65 -150
65 -120
65 -90
65 -60
65 -30
75 0
75 30
75 60
75 90
75 120
75 150
75 180
75 -150
75 -120
75 -90
75 -60
75 -30
169 0
169 30
169 60
169 90
169 120
169 150
169 180
169 -150
169 -120
169 -90
169 -60
169 -30
179 0
179 30
179 60
179 90
179 120
179 150
179 180
179 -150
179 -120
179 -90
179 -60
179 -30
-171 0
-171 30
-171 60
-171 90
-171 120
-171 150
-171 180
-171 -150
-171 -120
-171 -90
-171 -60
-171 -30
-74 0
-74 30
-74 60
-74 90
-74 120
-74 150
-74 180
-74 -150
-74 -120
-74 -90
-74 -60
-74 -30
-64 0
-64 30
-64 60
-64 90
-64 120
-64 150
-64 180
-64 -150
-64 -120
-64 -90
-64 -60
-64 -30
-54 0
-54 30
-54 60
-54 90
-54 120
-54 150
-54 180
-54 -150
-54 -120
-54 -90
-54 -60
-54 -30
THR 2 108
N CA CB OG1
CA CB OG1 HG1
51 0
51 30
51 60
51 90
51 120
51 150
51 180
51 -150
51 -120
51 -90
51 -60
51 -30
61 0
61 30
61 60
61 90
61 120
61 150
61 180
61 -150
61 -120
61 -90
61 -60
61 -30
71 0
71 30
71 60
71 90
71 120
71 150
71 180
71 -150
71 -120
71 -90
71 -60
71 -30
177 0
177 30
177 60
177 90
177 120
177 150
177 180
177 -150
177 -120
177 -90
177 -60
177 -30
-173 0
-173 30
-173 60
-173 90
-173 120
-173 150
-173 180
-173 -150
-173 -120
-173 -90
-173 -60
-173 -30
-163 0
-163 30
-163 60
-163 90
-163 120
-163 150
-163 180
-163 -150
-163 -120
-163 -90
-163 -60
-163 -30
-70 0
-70 30
-70 60
-70 90
-70 120
-70 150
-70 180
-70 -150
-70 -120
-70 -90
-70 -60
-70 -30
-60 0
-60 30
-60 60
-60 90
-60 120
-60 150
-60 180
-60 -150
-60 -120
-60 -90
-60 -60
-60 -30
-50 0
-50 30
-50 60
-50 90
-50 120
-50 150
-50 180
-50 -150
-50 -120
-50 -90
-50 -60
-50 -30
TRP 7 81
N CA CB CG
CA CB CG CD1
CD1 CG CD2 CE2
CG CD2 CE2 NE1
CE2 CD2 CE3 CZ3
CD2 CE3 CZ3 CH2
CE3 CZ3 CH2 CZ2
51 -100 0 0 0 0 0
51 -90 0 0 0 0 0
51 -80 0 0 0 0 0
61 -100 0 0 0 0 0
61 -90 0 0 0 0 0
61 -80 0 0 0 0 0
71 -100 0 0 0 0 0
71 -90 0 0 0 0 0
71 -80 0 0 0 0 0
56 -16 0 0 0 0 0
56 -6 0 0 0 0 0
56 4 0 0 0 0 0
66 -16 0 0 0 0 0
66 -6 0 0 0 0 0
66 4 0 0 0 0 0
76 -16 0 0 0 0 0
76 -6 0 0 0 0 0
76 4 0 0 0 0 0
52 79 0 0 0 0 0
52 89 0 0 0 0 0
52 99 0 0 0 0 0
62 79 0 0 0 0 0
62 89 0 0 0 0 0
62 99 0 0 0 0 0
72 79 0 0 0 0 0
72 89 0 0 0 0 0
72 99 0 0 0 0 0
173 -115 0 0 0 0 0
173 -105 0 0 0 0 0
173 -95 0 0 0 0 0
-177 -115 0 0 0 0 0
-177 -105 0 0 0 0 0
-177 -95 0 0 0 0 0
-167 -115 0 0 0 0 0
-167 -105 0 0 0 0 0
-167 -95 0 0 0 0 0
175 7 0 0 0 0 0
175 17 0 0 0 0 0
175 27 0 0 0 0 0
-175 7 0 0 0 0 0
-175 17 0 0 0 0 0
-175 27 0 0 0 0 0
-165 7 0 0 0 0 0
-165 17 0 0 0 0 0
-165 27 0 0 0 0 0
170 75 0 0 0 0 0
170 85 0 0 0 0 0
170 95 0 0 0 0 0
-180 75 0 0 0 0 0
-180 85 0 0 0 0 0
-180 95 0 0 0 0 0
-170 75 0 0 0 0 0
-170 85 0 0 0 0 0
-170 95 0 0 0 0 0
-80 -102 0 0 0 0 0
-80 -92 0 0 0 0 0
-80 -82 0 0 0 0 0
-70 -102 0 0 0 0 0
-70 -92 0 0 0 0 0
-70 -82 0 0 0 0 0
-60 -102 0 0 0 0 0
-60 -92 0 0 0 0 0
-60 -82 0 0 0 0 0
-79 -14 0 0 0 0 0
-79 -4 0 0 0 0 0
-79 6 0 0 0 0 0
-69 -14 0 0 0 0 0
-69 -4 0 0 0 0 0
-69 6 0 0 0 0 0
-59 -14 0 0 0 0 0
-59 -4 0 0 0 0 0
-59 6 0 0 0 0 0
-77 90 0 0 0 0 0
-77 100 0 0 0 0 0
-77 110 0 0 0 0 0
-67 90 0 0 0 0 0
-67 100 0 0 0 0 0
-67 110 0 0 0 0 0
-57 90 0 0 0 0 0
-57 100 0 0 0 0 0
-57 110 0 0 0 0 0
TYR 6 648
N CA CB CG
CA CB CG CD1
CB CG CD1 CE1
CB CG CD2 CE2
CG CD1 CE1 CZ
CE1 CZ OH HH
54 80 -175 175 0 0
54 80 -175 175 0 30
54 80 -175 175 0 60
54 80 -175 175 0 90
54 80 -175 175 0 120
54 80 -175 175 0 150
54 80 -175 175 0 180
54 80 -175 175 0 -150
54 80 -175 175 0 -120
54 80 -175 175 0 -90
54 80 -175 175 0 -60
54 80 -175 175 0 -30
54 -90 -175 175 0 0
54 -90 -175 175 0 30
54 -90 -175 175 0 60
54 -90 -175 175 0 90
54 -90 -175 175 0 120
54 -90 -175 175 0 150
54 -90 -175 175 0 180
54 -90 -175 175 0 -150
54 -90 -175 175 0 -120
54 -90 -175 175 0 -90
54 -90 -175 175 0 -60
54 -90 -175 175 0 -30
54 -80 -175 175 0 0
54 -80 -175 175 0 30
54 -80 -175 175 0 60
54 -80 -175 175 0 90
54 -80 -175 175 0 120
54 -80 -175 175 0 150
54 -80 -175 175 0 180
54 -80 -175 175 0 -150
54 -80 -175 175 0 -120
54 -80 -175 175 0 -90
54 -80 -175 175 0 -60
54 -80 -175 175 0 -30
64 80 -175 175 0 0
64 80 -175 175 0 30
64 80 -175 175 0 60
64 80 -175 175 0 90
64 80 -175 175 0 120
64 80 -175 175 0 150
64 80 -175 175 0 180
64 80 -175 175 0 -150
64 80 -175 175 0 -120
64 80 -175 175 0 -90
64 80 -175 175 0 -60
64 80 -175 175 0 -30
64 -90 -175 175 0 0
64 -90 -175 175 0 30
64 -90 -175 175 0 60
64 -90 -175 175 0 90
64 -90 -175 175 0 120
64 -90 -175 175 0 150
64 -90 -175 175 0 180
64 -90 -175 175 0 -150
64 -90 -175 175 0 -120
64 -90 -175 175 0 -90
64 -90 -175 175 0 -60
64 -90 -175 175 0 -30
64 -80 -175 175 0 0
64 -80 -175 175 0 30
64 -80 -175 175 0 60
64 -80 -175 175 0 90
64 -80 -175 175 0 120
64 -80 -175 175 0 150
64 -80 -175 175 0 180
64 -80 -175 175 0 -150
64 -80 -175 175 0 -120
64 -80 -175 175 0 -90
64 -80 -175 175 0 -60
64 -80 -175 175 0 -30
74 80 -175 175 0 0
74 80 -175 175 0 30
74 80 -175 175 0 60
74 80 -175 175 0 90
74 80 -175 175 0 120
74 80 -175 175 0 150
74 80 -175 175 0 180
74 80 -175 175 0 -150
74 80 -175 175 0 -120
74 80 -175 175 0 -90
74 80 -175 175 0 -60
74 80 -175 175 0 -30
74 -90 -175 175 0 0
74 -90 -175 175 0 30
74 -90 -175 175 0 60
74 -90 -175 175 0 90
74 -90 -175 175 0 120
74 -90 -175 175 0 150
74 -90 -175 175 0 180
74 -90 -175 175 0 -150
74 -90 -175 175 0 -120
74 -90 -175 175 0 -90
74 -90 -175 175 0 -60
74 -90 -175 175 0 -30
74 -80 -175 175 0 0
74 -80 -175 175 0 30
74 -80 -175 175 0 60
74 -80 -175 175 0 90
74 -80 -175 175 0 120
74 -80 -175 175 0 150
74 -80 -175 175 0 180
74 -80 -175 175 0 -150
74 -80 -175 175 0 -120
74 -80 -175 175 0 -90
74 -80 -175 175 0 -60
74 -80 -175 175 0 -30
60 -20 -175 175 0 0
60 -20 -175 175 0 30
60 -20 -175 175 0 60
60 -20 -175 175 0 90
60 -20 -175 175 0 120
60 -20 -175 175 0 150
60 -20 -175 175 0 180
60 -20 -175 175 0 -150
60 -20 -175 175 0 -120
60 -20 -175 175 0 -90
60 -20 -175 175 0 -60
60 -20 -175 175 0 -30
60 -10 -175 175 0 0
60 -10 -175 175 0 30
60 -10 -175 175 0 60
60 -10 -175 175 0 90
60 -10 -175 175 0 120
60 -10 -175 175 0 150
60 -10 -175 175 0 180
60 -10 -175 175 0 -150
60 -10 -175 175 0 -120
60 -10 -175 175 0 -90
60 -10 -175 175 0 -60
60 -10 -175 175 0 -30
60 0 -175 175 0 0
60 0 -175 175 0 30
60 0 -175 175 0 60
60 0 -175 175 0 90
60 0 -175 175 0 120
60 0 -175 175 0 150
60 0 -175 175 0 180
60 0 -175 175 0 -150
60 0 -175 175 0 -120
60 0 -175 175 0 -90
60 0 -175 175 0 -60
60 0 -175 175 0 -30
70 -20 -175 175 0 0
70 -20 -175 175 0 30
70 -20 -175 175 0 60
70 -20 -175 175 0 90
70 -20 -175 175 0 120
70 -20 -175 175 0 150
70 -20 -175 175 0 180
70 -20 -175 175 0 -150
70 -20 -175 175 0 -120
70 -20 -175 175 0 -90
70 -20 -175 175 0 -60
70 -20 -175 175 0 -30
70 -10 -175 175 0 0
70 -10 -175 175 0 30
70 -10 -175 175 0 60
70 -10 -175 175 0 90
70 -10 -175 175 0 120
70 -10 -175 175 0 150
70 -10 -175 175 0 180
70 -10 -175 175 0 -150
70 -10 -175 175 0 -120
70 -10 -175 175 0 -90
70 -10 -175 175 0 -60
70 -10 -175 175 0 -30
70 0 -175 175 0 0
70 0 -175 175 0 30
70 0 -175 175 0 60
70 0 -175 175 0 90
70 0 -175 175 0 120
70 0 -175 175 0 150
70 0 -175 175 0 180
70 0 -175 175 0 -150
70 0 -175 175 0 -120
70 0 -175 175 0 -90
70 0 -175 175 0 -60
70 0 -175 175 0 -30
80 -20 -175 175 0 0
80 -20 -175 175 0 30
80 -20 -175 175 0 60
80 -20 -175 175 0 90
80 -20 -175 175 0 120
80 -20 -175 175 0 150
80 -20 -175 175 0 180
80 -20 -175 175 0 -150
80 -20 -175 175 0 -120
80 -20 -175 175 0 -90
80 -20 -175 175 0 -60
80 -20 -175 175 0 -30
80 -10 -175 175 0 0
80 -10 -175 175 0 30
80 -10 -175 175 0 60
80 -10 -175 175 0 90
80 -10 -175 175 0 120
80 -10 -175 175 0 150
80 -10 -175 175 0 180
80 -10 -175 175 0 -150
80 -10 -175 175 0 -120
80 -10 -175 175 0 -90
80 -10 -175 175 0 -60
80 -10 -175 175 0 -30
80 0 -175 175 0 0
80 0 -175 175 0 30
80 0 -175 175 0 60
80 0 -175 175 0 90
80 0 -175 175 0 120
80 0 -175 175 0 150
80 0 -175 175 0 180
80 0 -175 175 0 -150
80 0 -175 175 0 -120
80 0 -175 175 0 -90
80 0 -175 175 0 -60
80 0 -175 175 0 -30
170 68 -175 175 0 0
170 68 -175 175 0 30
170 68 -175 175 0 60
170 68 -175 175 0 90
170 68 -175 175 0 120
170 68 -175 175 0 150
170 68 -175 175 0 180
170 68 -175 175 0 -150
170 68 -175 175 0 -120
170 68 -175 175 0 -90
170 68 -175 175 0 -60
170 68 -175 175 0 -30
170 78 -175 175 0 0
170 78 -175 175 0 30
170 78 -175 175 0 60
170 78 -175 175 0 90
170 78 -175 175 0 120
170 78 -175 175 0 150
170 78 -175 175 0 180
170 78 -175 175 0 -150
170 78 -175 175 0 -120
170 78 -175 175 0 -90
170 78 -175 175 0 -60
170 78 -175 175 0 -30
170 88 -175 175 0 0
170 88 -175 175 0 30
170 88 -175 175 0 60
170 88 -175 175 0 90
170 88 -175 175 0 120
170 88 -175 175 0 150
170 88 -175 175 0 180
170 88 -175 175 0 -150
170 88 -175 175 0 -120
170 88 -175 175 0 -90
170 88 -175 175 0 -60
170 88 -175 175 0 -30
-180 68 -175 175 0 0
-180 68 -175 175 0 30
-180 68 -175 175 0 60
-180 68 -175 175 0 90
-180 68 -175 175 0 120
-180 68 -175 175 0 150
-180 68 -175 175 0 180
-180 68 -175 175 0 -150
-180 68 -175 175 0 -120
-180 68 -175 175 0 -90
-180 68 -175 175 0 -60
-180 68 -175 175 0 -30
-180 78 -175 175 0 0
-180 78 -175 175 0 30
-180 78 -175 175 0 60
-180 78 -175 175 0 90
-180 78 -175 175 0 120
-180 78 -175 175 0 150
-180 78 -175 175 0 180
-180 78 -175 175 0 -150
-180 78 -175 175 0 -120
-180 78 -175 175 0 -90
-180 78 -175 175 0 -60
-180 78 -175 175 0 -30
-180 88 -175 175 0 0
-180 88 -175 175 0 30
-180 88 -175 175 0 60
-180 88 -175 175 0 90
-180 88 -175 175 0 120
-180 88 -175 175 0 150
-180 88 -175 175 0 180
-180 88 -175 175 0 -150
-180 88 -175 175 0 -120
-180 88 -175 175 0 -90
-180 88 -175 175 0 -60
-180 88 -175 175 0 -30
-170 68 -175 175 0 0
-170 68 -175 175 0 30
-170 68 -175 175 0 60
-170 68 -175 175 0 90
-170 68 -175 175 0 120
-170 68 -175 175 0 150
-170 68 -175 175 0 180
-170 68 -175 175 0 -150
-170 68 -175 175 0 -120
-170 68 -175 175 0 -90
-170 68 -175 175 0 -60
-170 68 -175 175 0 -30
-170 78 -175 175 0 0
-170 78 -175 175 0 30
-170 78 -175 175 0 60
-170 78 -175 175 0 90
-170 78 -175 175 0 120
-170 78 -175 175 0 150
-170 78 -175 175 0 180
-170 78 -175 175 0 -150
-170 78 -175 175 0 -120
-170 78 -175 175 0 -90
-170 78 -175 175 0 -60
-170 78 -175 175 0 -30
-170 88 -175 175 0 0
-170 88 -175 175 0 30
-170 88 -175 175 0 60
-170 88 -175 175 0 90
-170 88 -175 175 0 120
-170 88 -175 175 0 150
-170 88 -175 175 0 180
-170 88 -175 175 0 -150
-170 88 -175 175 0 -120
-170 88 -175 175 0 -90
-170 88 -175 175 0 -60
-170 88 -175 175 0 -30
176 11 -175 175 0 0
176 11 -175 175 0 30
176 11 -175 175 0 60
176 11 -175 175 0 90
176 11 -175 175 0 120
176 11 -175 175 0 150
176 11 -175 175 0 180
176 11 -175 175 0 -150
176 11 -175 175 0 -120
176 11 -175 175 0 -90
176 11 -175 175 0 -60
176 11 -175 175 0 -30
176 21 -175 175 0 0
176 21 -175 175 0 30
176 21 -175 175 0 60
176 21 -175 175 0 90
176 21 -175 175 0 120
176 21 -175 175 0 150
176 21 -175 175 0 180
176 21 -175 175 0 -150
176 21 -175 175 0 -120
176 21 -175 175 0 -90
176 21 -175 175 0 -60
176 21 -175 175 0 -30
176 31 -175 175 0 0
176 31 -175 175 0 30
176 31 -175 175 0 60
176 31 -175 175 0 90
176 31 -175 175 0 120
176 31 -175 175 0 150
176 31 -175 175 0 180
176 31 -175 175 0 -150
176 31 -175 175 0 -120
176 31 -175 175 0 -90
176 31 -175 175 0 -60
176 31 -175 175 0 -30
-174 11 -175 175 0 0
-174 11 -175 175 0 30
-174 11 -175 175 0 60
-174 11 -175 175 0 90
-174 11 -175 175 0 120
-174 11 -175 175 0 150
-174 11 -175 175 0 180
-174 11 -175 175 0 -150
-174 11 -175 175 0 -120
-174 11 -175 175 0 -90
-174 11 -175 175 0 -60
-174 11 -175 175 0 -30
-174 21 -175 175 0 0
-174 21 -175 175 0 30
-174 21 -175 175 0 60
-174 21 -175 175 0 90
-174 21 -175 175 0 120
-174 21 -175 175 0 150
-174 21 -175 175 0 180
-174 21 -175 175 0 -150
-174 21 -175 175 0 -120
-174 21 -175 175 0 -90
-174 21 -175 175 0 -60
-174 21 -175 175 0 -30
-174 31 -175 175 0 0
-174 31 -175 175 0 30
-174 31 -175 175 0 60
-174 31 -175 175 0 90
-174 31 -175 175 0 120
-174 31 -175 175 0 150
-174 31 -175 175 0 180
-174 31 -175 175 0 -150
-174 31 -175 175 0 -120
-174 31 -175 175 0 -90
-174 31 -175 175 0 -60
-174 31 -175 175 0 -30
-164 11 -175 175 0 0
-164 11 -175 175 0 30
-164 11 -175 175 0 60
-164 11 -175 175 0 90
-164 11 -175 175 0 120
-164 11 -175 175 0 150
-164 11 -175 175 0 180
-164 11 -175 175 0 -150
-164 11 -175 175 0 -120
-164 11 -175 175 0 -90
-164 11 -175 175 0 -60
-164 11 -175 175 0 -30
-164 21 -175 175 0 0
-164 21 -175 175 0 30
-164 21 -175 175 0 60
-164 21 -175 175 0 90
-164 21 -175 175 0 120
-164 21 -175 175 0 150
-164 21 -175 175 0 180
-164 21 -175 175 0 -150
-164 21 -175 175 0 -120
-164 21 -175 175 0 -90
-164 21 -175 175 0 -60
-164 21 -175 175 0 -30
-164 31 -175 175 0 0
-164 31 -175 175 0 30
-164 31 -175 175 0 60
-164 31 -175 175 0 90
-164 31 -175 175 0 120
-164 31 -175 175 0 150
-164 31 -175 175 0 180
-164 31 -175 175 0 -150
-164 31 -175 175 0 -120
-164 31 -175 175 0 -90
-164 31 -175 175 0 -60
-164 31 -175 175 0 -30
-76 88 -175 175 0 0
-76 88 -175 175 0 30
-76 88 -175 175 0 60
-76 88 -175 175 0 90
-76 88 -175 175 0 120
-76 88 -175 175 0 150
-76 88 -175 175 0 180
-76 88 -175 175 0 -150
-76 88 -175 175 0 -120
-76 88 -175 175 0 -90
-76 88 -175 175 0 -60
-76 88 -175 175 0 -30
-76 -82 -175 175 0 0
-76 -82 -175 175 0 30
-76 -82 -175 175 0 60
-76 -82 -175 175 0 90
-76 -82 -175 175 0 120
-76 -82 -175 175 0 150
-76 -82 -175 175 0 180
-76 -82 -175 175 0 -150
-76 -82 -175 175 0 -120
-76 -82 -175 175 0 -90
-76 -82 -175 175 0 -60
-76 -82 -175 175 0 -30
-76 -72 -175 175 0 0
-76 -72 -175 175 0 30
-76 -72 -175 175 0 60
-76 -72 -175 175 0 90
-76 -72 -175 175 0 120
-76 -72 -175 175 0 150
-76 -72 -175 175 0 180
-76 -72 -175 175 0 -150
-76 -72 -175 175 0 -120
-76 -72 -175 175 0 -90
-76 -72 -175 175 0 -60
-76 -72 -175 175 0 -30
-66 88 -175 175 0 0
-66 88 -175 175 0 30
-66 88 -175 175 0 60
-66 88 -175 175 0 90
-66 88 -175 175 0 120
-66 88 -175 175 0 150
-66 88 -175 175 0 180
-66 88 -175 175 0 -150
-66 88 -175 175 0 -120
-66 88 -175 175 0 -90
-66 88 -175 175 0 -60
-66 88 -175 175 0 -30
-66 -82 -175 175 0 0
-66 -82 -175 175 0 30
-66 -82 -175 175 0 60
-66 -82 -175 175 0 90
-66 -82 -175 175 0 120
-66 -82 -175 175 0 150
-66 -82 -175 175 0 180
-66 -82 -175 175 0 -150
-66 -82 -175 175 0 -120
-66 -82 -175 175 0 -90
-66 -82 -175 175 0 -60
-66 -82 -175 175 0 -30
-66 -72 -175 175 0 0
-66 -72 -175 175 0 30
-66 -72 -175 175 0 60
-66 -72 -175 175 0 90
-66 -72 -175 175 0 120
-66 -72 -175 175 0 150
-66 -72 -175 175 0 180
-66 -72 -175 175 0 -150
-66 -72 -175 175 0 -120
-66 -72 -175 175 0 -90
-66 -72 -175 175 0 -60
-66 -72 -175 175 0 -30
-56 88 -175 175 0 0
-56 88 -175 175 0 30
-56 88 -175 175 0 60
-56 88 -175 175 0 90
-56 88 -175 175 0 120
-56 88 -175 175 0 150
-56 88 -175 175 0 180
-56 88 -175 175 0 -150
-56 88 -175 175 0 -120
-56 88 -175 175 0 -90
-56 88 -175 175 0 -60
-56 88 -175 175 0 -30
-56 -82 -175 175 0 0
-56 -82 -175 175 0 30
-56 -82 -175 175 0 60
-56 -82 -175 175 0 90
-56 -82 -175 175 0 120
-56 -82 -175 175 0 150
-56 -82 -175 175 0 180
-56 -82 -175 175 0 -150
-56 -82 -175 175 0 -120
-56 -82 -175 175 0 -90
-56 -82 -175 175 0 -60
-56 -82 -175 175 0 -30
-56 -72 -175 175 0 0
-56 -72 -175 175 0 30
-56 -72 -175 175 0 60
-56 -72 -175 175 0 90
-56 -72 -175 175 0 120
-56 -72 -175 175 0 150
-56 -72 -175 175 0 180
-56 -72 -175 175 0 -150
-56 -72 -175 175 0 -120
-56 -72 -175 175 0 -90
-56 -72 -175 175 0 -60
-56 -72 -175 175 0 -30
-77 -27 -175 175 0 0
-77 -27 -175 175 0 30
-77 -27 -175 175 0 60
-77 -27 -175 175 0 90
-77 -27 -175 175 0 120
-77 -27 -175 175 0 150
-77 -27 -175 175 0 180
-77 -27 -175 175 0 -150
-77 -27 -175 175 0 -120
-77 -27 -175 175 0 -90
-77 -27 -175 175 0 -60
-77 -27 -175 175 0 -30
-77 -17 -175 175 0 0
-77 -17 -175 175 0 30
-77 -17 -175 175 0 60
-77 -17 -175 175 0 90
-77 -17 -175 175 0 120
-77 -17 -175 175 0 150
-77 -17 -175 175 0 180
-77 -17 -175 175 0 -150
-77 -17 -175 175 0 -120
-77 -17 -175 175 0 -90
-77 -17 -175 175 0 -60
-77 -17 -175 175 0 -30
-77 -7 -175 175 0 0
-77 -7 -175 175 0 30
-77 -7 -175 175 0 60
-77 -7 -175 175 0 90
-77 -7 -175 175 0 120
-77 -7 -175 175 0 150
-77 -7 -175 175 0 180
-77 -7 -175 175 0 -150
-77 -7 -175 175 0 -120
-77 -7 -175 175 0 -90
-77 -7 -175 175 0 -60
-77 -7 -175 175 0 -30
-67 -27 -175 175 0 0
-67 -27 -175 175 0 30
-67 -27 -175 175 0 60
-67 -27 -175 175 0 90
-67 -27 -175 175 0 120
-67 -27 -175 175 0 150
-67 -27 -175 175 0 180
-67 -27 -175 175 0 -150
-67 -27 -175 175 0 -120
-67 -27 -175 175 0 -90
-67 -27 -175 175 0 -60
-67 -27 -175 175 0 -30
-67 -17 -175 175 0 0
-67 -17 -175 175 0 30
-67 -17 -175 175 0 60
-67 -17 -175 175 0 90
-67 -17 -175 175 0 120
-67 -17 -175 175 0 150
-67 -17 -175 175 0 180
-67 -17 -175 175 0 -150
-67 -17 -175 175 0 -120
-67 -17 -175 175 0 -90
-67 -17 -175 175 0 -60
-67 -17 -175 175 0 -30
-67 -7 -175 175 0 0
-67 -7 -175 175 0 30
-67 -7 -175 175 0 60
-67 -7 -175 175 0 90
-67 -7 -175 175 0 120
-67 -7 -175 175 0 150
-67 -7 -175 175 0 180
-67 -7 -175 175 0 -150
-67 -7 -175 175 0 -120
-67 -7 -175 175 0 -90
-67 -7 -175 175 0 -60
-67 -7 -175 175 0 -30
-57 -27 -175 175 0 0
-57 -27 -175 175 0 30
-57 -27 -175 175 0 60
-57 -27 -175 175 0 90
-57 -27 -175 175 0 120
-57 -27 -175 175 0 150
-57 -27 -175 175 0 180
-57 -27 -175 175 0 -150
-57 -27 -175 175 0 -120
-57 -27 -175 175 0 -90
-57 -27 -175 175 0 -60
-57 -27 -175 175 0 -30
-57 -17 -175 175 0 0
-57 -17 -175 175 0 30
-57 -17 -175 175 0 60
-57 -17 -175 175 0 90
-57 -17 -175 175 0 120
-57 -17 -175 175 0 150
-57 -17 -175 175 0 180
-57 -17 -175 175 0 -150
-57 -17 -175 175 0 -120
-57 -17 -175 175 0 -90
-57 -17 -175 175 0 -60
-57 -17 -175 175 0 -30
-57 -7 -175 175 0 0
-57 -7 -175 175 0 30
-57 -7 -175 175 0 60
-57 -7 -175 175 0 90
-57 -7 -175 175 0 120
-57 -7 -175 175 0 150
-57 -7 -175 175 0 180
-57 -7 -175 175 0 -150
-57 -7 -175 175 0 -120
-57 -7 -175 175 0 -90
-57 -7 -175 175 0 -60
-57 -7 -175 175 0 -30
VAL 1 9
N CA CB CG1
56
66
76
166
176
-174
-72
-62
-52
