27
ALA 0 0
ARG 5 729
N CA CB CG
CA CB CG CD
CB CG CD NE
CG CD NE CZ
CD NE CZ NH1
45.4 69.7 62.4 82.3 180.0
45.4 79.7 62.4 82.3 180.0
45.4 89.7 62.4 82.3 180.0
55.4 69.7 62.4 82.3 180.0
55.4 79.7 62.4 82.3 180.0
55.4 89.7 62.4 82.3 180.0
65.4 69.7 62.4 82.3 180.0
65.4 79.7 62.4 82.3 180.0
65.4 89.7 62.4 82.3 180.0
49.2 75.4 68.2 -166.2 180.0
49.2 85.4 68.2 -166.2 180.0
49.2 95.4 68.2 -166.2 180.0
59.2 75.4 68.2 -166.2 180.0
59.2 85.4 68.2 -166.2 180.0
59.2 95.4 68.2 -166.2 180.0
69.2 75.4 68.2 -166.2 180.0
69.2 85.4 68.2 -166.2 180.0
69.2 95.4 68.2 -166.2 180.0
44.5 69.4 64.6 -103.2 180.0
44.5 79.4 64.6 -103.2 180.0
44.5 89.4 64.6 -103.2 180.0
54.5 69.4 64.6 -103.2 180.0
54.5 79.4 64.6 -103.2 180.0
54.5 89.4 64.6 -103.2 180.0
64.5 69.4 64.6 -103.2 180.0
64.5 79.4 64.6 -103.2 180.0
64.5 89.4 64.6 -103.2 180.0
44.5 76.6 178.2 85.5 180.0
44.5 86.6 178.2 85.5 180.0
44.5 96.6 178.2 85.5 180.0
54.5 76.6 178.2 85.5 180.0
54.5 86.6 178.2 85.5 180.0
54.5 96.6 178.2 85.5 180.0
64.5 76.6 178.2 85.5 180.0
64.5 86.6 178.2 85.5 180.0
64.5 96.6 178.2 85.5 180.0
43.9 77.8 -178.5 178.1 180.0
43.9 87.8 -178.5 178.1 180.0
43.9 97.8 -178.5 178.1 180.0
53.9 77.8 -178.5 178.1 180.0
53.9 87.8 -178.5 178.1 180.0
53.9 97.8 -178.5 178.1 180.0
63.9 77.8 -178.5 178.1 180.0
63.9 87.8 -178.5 178.1 180.0
63.9 97.8 -178.5 178.1 180.0
43.5 77.8 -176.0 -81.1 180.0
43.5 87.8 -176.0 -81.1 180.0
43.5 97.8 -176.0 -81.1 180.0
53.5 77.8 -176.0 -81.1 180.0
53.5 87.8 -176.0 -81.1 180.0
53.5 97.8 -176.0 -81.1 180.0
63.5 77.8 -176.0 -81.1 180.0
63.5 87.8 -176.0 -81.1 180.0
63.5 97.8 -176.0 -81.1 180.0
44.5 73.5 -78.4 102.9 180.0
44.5 83.5 -78.4 102.9 180.0
44.5 93.5 -78.4 102.9 180.0
54.5 73.5 -78.4 102.9 180.0
54.5 83.5 -78.4 102.9 180.0
54.5 93.5 -78.4 102.9 180.0
64.5 73.5 -78.4 102.9 180.0
64.5 83.5 -78.4 102.9 180.0
64.5 93.5 -78.4 102.9 180.0
40.0 72.4 -92.5 169.0 180.0
40.0 82.4 -92.5 169.0 180.0
40.0 92.4 -92.5 169.0 180.0
50.0 72.4 -92.5 169.0 180.0
50.0 82.4 -92.5 169.0 180.0
50.0 92.4 -92.5 169.0 180.0
60.0 72.4 -92.5 169.0 180.0
60.0 82.4 -92.5 169.0 180.0
60.0 92.4 -92.5 169.0 180.0
44.5 73.5 -77.1 -84.1 180.0
44.5 83.5 -77.1 -84.1 180.0
44.5 93.5 -77.1 -84.1 180.0
54.5 73.5 -77.1 -84.1 180.0
54.5 83.5 -77.1 -84.1 180.0
54.5 93.5 -77.1 -84.1 180.0
64.5 73.5 -77.1 -84.1 180.0
64.5 83.5 -77.1 -84.1 180.0
64.5 93.5 -77.1 -84.1 180.0
52.0 167.8 64.9 84.4 180.0
52.0 177.8 64.9 84.4 180.0
52.0 -172.2 64.9 84.4 180.0
62.0 167.8 64.9 84.4 180.0
62.0 177.8 64.9 84.4 180.0
62.0 -172.2 64.9 84.4 180.0
72.0 167.8 64.9 84.4 180.0
72.0 177.8 64.9 84.4 180.0
72.0 -172.2 64.9 84.4 180.0
54.1 174.2 68.0 -172.6 180.0
54.1 -175.8 68.0 -172.6 180.0
54.1 -165.8 68.0 -172.6 180.0
64.1 174.2 68.0 -172.6 180.0
64.1 -175.8 68.0 -172.6 180.0
64.1 -165.8 68.0 -172.6 180.0
74.1 174.2 68.0 -172.6 180.0
74.1 -175.8 68.0 -172.6 180.0
74.1 -165.8 68.0 -172.6 180.0
55.1 171.4 61.1 -104.5 180.0
55.1 -178.6 61.1 -104.5 180.0
55.1 -168.6 61.1 -104.5 180.0
65.1 171.4 61.1 -104.5 180.0
65.1 -178.6 61.1 -104.5 180.0
65.1 -168.6 61.1 -104.5 180.0
75.1 171.4 61.1 -104.5 180.0
75.1 -178.6 61.1 -104.5 180.0
75.1 -168.6 61.1 -104.5 180.0
55.3 170.0 178.0 85.7 180.0
55.3 180.0 178.0 85.7 180.0
55.3 -170.0 178.0 85.7 180.0
65.3 170.0 178.0 85.7 180.0
65.3 180.0 178.0 85.7 180.0
65.3 -170.0 178.0 85.7 180.0
75.3 170.0 178.0 85.7 180.0
75.3 180.0 178.0 85.7 180.0
75.3 -170.0 178.0 85.7 180.0
56.5 172.4 -178.9 -177.2 180.0
56.5 -177.6 -178.9 -177.2 180.0
56.5 -167.6 -178.9 -177.2 180.0
66.5 172.4 -178.9 -177.2 180.0
66.5 -177.6 -178.9 -177.2 180.0
66.5 -167.6 -178.9 -177.2 180.0
76.5 172.4 -178.9 -177.2 180.0
76.5 -177.6 -178.9 -177.2 180.0
76.5 -167.6 -178.9 -177.2 180.0
56.4 174.8 -177.5 -82.5 180.0
56.4 -175.2 -177.5 -82.5 180.0
56.4 -165.2 -177.5 -82.5 180.0
66.4 174.8 -177.5 -82.5 180.0
66.4 -175.2 -177.5 -82.5 180.0
66.4 -165.2 -177.5 -82.5 180.0
76.4 174.8 -177.5 -82.5 180.0
76.4 -175.2 -177.5 -82.5 180.0
76.4 -165.2 -177.5 -82.5 180.0
53.8 178.1 -64.5 102.9 180.0
53.8 -171.9 -64.5 102.9 180.0
53.8 -161.9 -64.5 102.9 180.0
63.8 178.1 -64.5 102.9 180.0
63.8 -171.9 -64.5 102.9 180.0
63.8 -161.9 -64.5 102.9 180.0
73.8 178.1 -64.5 102.9 180.0
73.8 -171.9 -64.5 102.9 180.0
73.8 -161.9 -64.5 102.9 180.0
53.4 173.5 -66.7 173.2 180.0
53.4 -176.5 -66.7 173.2 180.0
53.4 -166.5 -66.7 173.2 180.0
63.4 173.5 -66.7 173.2 180.0
63.4 -176.5 -66.7 173.2 180.0
63.4 -166.5 -66.7 173.2 180.0
73.4 173.5 -66.7 173.2 180.0
73.4 -176.5 -66.7 173.2 180.0
73.4 -166.5 -66.7 173.2 180.0
52.9 169.9 -69.2 -82.5 180.0
52.9 179.9 -69.2 -82.5 180.0
52.9 -170.1 -69.2 -82.5 180.0
62.9 169.9 -69.2 -82.5 180.0
62.9 179.9 -69.2 -82.5 180.0
62.9 -170.1 -69.2 -82.5 180.0
72.9 169.9 -69.2 -82.5 180.0
72.9 179.9 -69.2 -82.5 180.0
72.9 -170.1 -69.2 -82.5 180.0
55.2 -95.1 84.2 84.5 180.0
55.2 -85.1 84.2 84.5 180.0
55.2 -75.1 84.2 84.5 180.0
65.2 -95.1 84.2 84.5 180.0
65.2 -85.1 84.2 84.5 180.0
65.2 -75.1 84.2 84.5 180.0
75.2 -95.1 84.2 84.5 180.0
75.2 -85.1 84.2 84.5 180.0
75.2 -75.1 84.2 84.5 180.0
53.2 -95.5 80.7 -172.0 180.0
53.2 -85.5 80.7 -172.0 180.0
53.2 -75.5 80.7 -172.0 180.0
63.2 -95.5 80.7 -172.0 180.0
63.2 -85.5 80.7 -172.0 180.0
63.2 -75.5 80.7 -172.0 180.0
73.2 -95.5 80.7 -172.0 180.0
73.2 -85.5 80.7 -172.0 180.0
73.2 -75.5 80.7 -172.0 180.0
53.6 -92.1 71.6 -103.2 180.0
53.6 -82.1 71.6 -103.2 180.0
53.6 -72.1 71.6 -103.2 180.0
63.6 -92.1 71.6 -103.2 180.0
63.6 -82.1 71.6 -103.2 180.0
63.6 -72.1 71.6 -103.2 180.0
73.6 -92.1 71.6 -103.2 180.0
73.6 -82.1 71.6 -103.2 180.0
73.6 -72.1 71.6 -103.2 180.0
53.6 -88.2 -179.8 85.7 180.0
53.6 -78.2 -179.8 85.7 180.0
53.6 -68.2 -179.8 85.7 180.0
63.6 -88.2 -179.8 85.7 180.0
63.6 -78.2 -179.8 85.7 180.0
63.6 -68.2 -179.8 85.7 180.0
73.6 -88.2 -179.8 85.7 180.0
73.6 -78.2 -179.8 85.7 180.0
73.6 -68.2 -179.8 85.7 180.0
47.6 -93.1 -176.1 -178.4 180.0
47.6 -83.1 -176.1 -178.4 180.0
47.6 -73.1 -176.1 -178.4 180.0
57.6 -93.1 -176.1 -178.4 180.0
57.6 -83.1 -176.1 -178.4 180.0
57.6 -73.1 -176.1 -178.4 180.0
67.6 -93.1 -176.1 -178.4 180.0
67.6 -83.1 -176.1 -178.4 180.0
67.6 -73.1 -176.1 -178.4 180.0
58.7 -85.7 -177.8 -85.7 180.0
58.7 -75.7 -177.8 -85.7 180.0
58.7 -65.7 -177.8 -85.7 180.0
68.7 -85.7 -177.8 -85.7 180.0
68.7 -75.7 -177.8 -85.7 180.0
68.7 -65.7 -177.8 -85.7 180.0
78.7 -85.7 -177.8 -85.7 180.0
78.7 -75.7 -177.8 -85.7 180.0
78.7 -65.7 -177.8 -85.7 180.0
53.6 -87.9 -77.1 102.9 180.0
53.6 -77.9 -77.1 102.9 180.0
53.6 -67.9 -77.1 102.9 180.0
63.6 -87.9 -77.1 102.9 180.0
63.6 -77.9 -77.1 102.9 180.0
63.6 -67.9 -77.1 102.9 180.0
73.6 -87.9 -77.1 102.9 180.0
73.6 -77.9 -77.1 102.9 180.0
73.6 -67.9 -77.1 102.9 180.0
53.7 -88.1 -64.2 169.9 180.0
53.7 -78.1 -64.2 169.9 180.0
53.7 -68.1 -64.2 169.9 180.0
63.7 -88.1 -64.2 169.9 180.0
63.7 -78.1 -64.2 169.9 180.0
63.7 -68.1 -64.2 169.9 180.0
73.7 -88.1 -64.2 169.9 180.0
73.7 -78.1 -64.2 169.9 180.0
73.7 -68.1 -64.2 169.9 180.0
53.8 -88.2 -59.5 -83.3 180.0
53.8 -78.2 -59.5 -83.3 180.0
53.8 -68.2 -59.5 -83.3 180.0
63.8 -88.2 -59.5 -83.3 180.0
63.8 -78.2 -59.5 -83.3 180.0
63.8 -68.2 -59.5 -83.3 180.0
73.8 -88.2 -59.5 -83.3 180.0
73.8 -78.2 -59.5 -83.3 180.0
73.8 -68.2 -59.5 -83.3 180.0
173.5 55.8 60.2 80.8 180.0
173.5 65.8 60.2 80.8 180.0
173.5 75.8 60.2 80.8 180.0
-176.5 55.8 60.2 80.8 180.0
-176.5 65.8 60.2 80.8 180.0
-176.5 75.8 60.2 80.8 180.0
-166.5 55.8 60.2 80.8 180.0
-166.5 65.8 60.2 80.8 180.0
-166.5 75.8 60.2 80.8 180.0
169.4 55.8 65.3 -170.9 180.0
169.4 65.8 65.3 -170.9 180.0
169.4 75.8 65.3 -170.9 180.0
179.4 55.8 65.3 -170.9 180.0
179.4 65.8 65.3 -170.9 180.0
179.4 75.8 65.3 -170.9 180.0
-170.6 55.8 65.3 -170.9 180.0
-170.6 65.8 65.3 -170.9 180.0
-170.6 75.8 65.3 -170.9 180.0
176.4 58.1 67.3 -103.0 180.0
176.4 68.1 67.3 -103.0 180.0
176.4 78.1 67.3 -103.0 180.0
-173.6 58.1 67.3 -103.0 180.0
-173.6 68.1 67.3 -103.0 180.0
-173.6 78.1 67.3 -103.0 180.0
-163.6 58.1 67.3 -103.0 180.0
-163.6 68.1 67.3 -103.0 180.0
-163.6 78.1 67.3 -103.0 180.0
169.3 56.2 -178.6 85.1 180.0
169.3 66.2 -178.6 85.1 180.0
169.3 76.2 -178.6 85.1 180.0
179.3 56.2 -178.6 85.1 180.0
179.3 66.2 -178.6 85.1 180.0
179.3 76.2 -178.6 85.1 180.0
-170.7 56.2 -178.6 85.1 180.0
-170.7 66.2 -178.6 85.1 180.0
-170.7 76.2 -178.6 85.1 180.0
173.0 57.4 177.0 171.0 180.0
173.0 67.4 177.0 171.0 180.0
173.0 77.4 177.0 171.0 180.0
-177.0 57.4 177.0 171.0 180.0
-177.0 67.4 177.0 171.0 180.0
-177.0 77.4 177.0 171.0 180.0
-167.0 57.4 177.0 171.0 180.0
-167.0 67.4 177.0 171.0 180.0
-167.0 77.4 177.0 171.0 180.0
168.1 56.9 -178.7 -85.3 180.0
168.1 66.9 -178.7 -85.3 180.0
168.1 76.9 -178.7 -85.3 180.0
178.1 56.9 -178.7 -85.3 180.0
178.1 66.9 -178.7 -85.3 180.0
178.1 76.9 -178.7 -85.3 180.0
-171.9 56.9 -178.7 -85.3 180.0
-171.9 66.9 -178.7 -85.3 180.0
-171.9 76.9 -178.7 -85.3 180.0
173.9 71.2 -80.9 103.3 180.0
173.9 81.2 -80.9 103.3 180.0
173.9 91.2 -80.9 103.3 180.0
-176.1 71.2 -80.9 103.3 180.0
-176.1 81.2 -80.9 103.3 180.0
-176.1 91.2 -80.9 103.3 180.0
-166.1 71.2 -80.9 103.3 180.0
-166.1 81.2 -80.9 103.3 180.0
-166.1 91.2 -80.9 103.3 180.0
174.4 69.6 -90.4 172.4 180.0
174.4 79.6 -90.4 172.4 180.0
174.4 89.6 -90.4 172.4 180.0
-175.6 69.6 -90.4 172.4 180.0
-175.6 79.6 -90.4 172.4 180.0
-175.6 89.6 -90.4 172.4 180.0
-165.6 69.6 -90.4 172.4 180.0
-165.6 79.6 -90.4 172.4 180.0
-165.6 89.6 -90.4 172.4 180.0
171.3 68.6 -78.3 -84.6 180.0
171.3 78.6 -78.3 -84.6 180.0
171.3 88.6 -78.3 -84.6 180.0
-178.7 68.6 -78.3 -84.6 180.0
-178.7 78.6 -78.3 -84.6 180.0
-178.7 88.6 -78.3 -84.6 180.0
-168.7 68.6 -78.3 -84.6 180.0
-168.7 78.6 -78.3 -84.6 180.0
-168.7 88.6 -78.3 -84.6 180.0
172.7 168.6 64.9 80.8 180.0
172.7 178.6 64.9 80.8 180.0
172.7 -171.4 64.9 80.8 180.0
-177.3 168.6 64.9 80.8 180.0
-177.3 178.6 64.9 80.8 180.0
-177.3 -171.4 64.9 80.8 180.0
-167.3 168.6 64.9 80.8 180.0
-167.3 178.6 64.9 80.8 180.0
-167.3 -171.4 64.9 80.8 180.0
175.9 166.8 67.8 -167.7 180.0
175.9 176.8 67.8 -167.7 180.0
175.9 -173.2 67.8 -167.7 180.0
-174.1 166.8 67.8 -167.7 180.0
-174.1 176.8 67.8 -167.7 180.0
-174.1 -173.2 67.8 -167.7 180.0
-164.1 166.8 67.8 -167.7 180.0
-164.1 176.8 67.8 -167.7 180.0
-164.1 -173.2 67.8 -167.7 180.0
173.3 168.8 63.4 -103.7 180.0
173.3 178.8 63.4 -103.7 180.0
173.3 -171.2 63.4 -103.7 180.0
-176.7 168.8 63.4 -103.7 180.0
-176.7 178.8 63.4 -103.7 180.0
-176.7 -171.2 63.4 -103.7 180.0
-166.7 168.8 63.4 -103.7 180.0
-166.7 178.8 63.4 -103.7 180.0
-166.7 -171.2 63.4 -103.7 180.0
173.2 167.6 178.8 85.2 180.0
173.2 177.6 178.8 85.2 180.0
173.2 -172.4 178.8 85.2 180.0
-176.8 167.6 178.8 85.2 180.0
-176.8 177.6 178.8 85.2 180.0
-176.8 -172.4 178.8 85.2 180.0
-166.8 167.6 178.8 85.2 180.0
-166.8 177.6 178.8 85.2 180.0
-166.8 -172.4 178.8 85.2 180.0
173.1 166.3 178.8 -179.4 180.0
173.1 176.3 178.8 -179.4 180.0
173.1 -173.7 178.8 -179.4 180.0
-176.9 166.3 178.8 -179.4 180.0
-176.9 176.3 178.8 -179.4 180.0
-176.9 -173.7 178.8 -179.4 180.0
-166.9 166.3 178.8 -179.4 180.0
-166.9 176.3 178.8 -179.4 180.0
-166.9 -173.7 178.8 -179.4 180.0
172.5 166.5 -177.8 -85.2 180.0
172.5 176.5 -177.8 -85.2 180.0
172.5 -173.5 -177.8 -85.2 180.0
-177.5 166.5 -177.8 -85.2 180.0
-177.5 176.5 -177.8 -85.2 180.0
-177.5 -173.5 -177.8 -85.2 180.0
-167.5 166.5 -177.8 -85.2 180.0
-167.5 176.5 -177.8 -85.2 180.0
-167.5 -173.5 -177.8 -85.2 180.0
175.6 168.1 -63.4 105.1 180.0
175.6 178.1 -63.4 105.1 180.0
175.6 -171.9 -63.4 105.1 180.0
-174.4 168.1 -63.4 105.1 180.0
-174.4 178.1 -63.4 105.1 180.0
-174.4 -171.9 -63.4 105.1 180.0
-164.4 168.1 -63.4 105.1 180.0
-164.4 178.1 -63.4 105.1 180.0
-164.4 -171.9 -63.4 105.1 180.0
174.6 169.7 -64.8 165.2 180.0
174.6 179.7 -64.8 165.2 180.0
174.6 -170.3 -64.8 165.2 180.0
-175.4 169.7 -64.8 165.2 180.0
-175.4 179.7 -64.8 165.2 180.0
-175.4 -170.3 -64.8 165.2 180.0
-165.4 169.7 -64.8 165.2 180.0
-165.4 179.7 -64.8 165.2 180.0
-165.4 -170.3 -64.8 165.2 180.0
174.4 169.6 -65.0 -82.6 180.0
174.4 179.6 -65.0 -82.6 180.0
174.4 -170.4 -65.0 -82.6 180.0
-175.6 169.6 -65.0 -82.6 180.0
-175.6 179.6 -65.0 -82.6 180.0
-175.6 -170.4 -65.0 -82.6 180.0
-165.6 169.6 -65.0 -82.6 180.0
-165.6 179.6 -65.0 -82.6 180.0
-165.6 -170.4 -65.0 -82.6 180.0
-179.7 -93.6 80.9 82.5 180.0
-179.7 -83.6 80.9 82.5 180.0
-179.7 -73.6 80.9 82.5 180.0
-169.7 -93.6 80.9 82.5 180.0
-169.7 -83.6 80.9 82.5 180.0
-169.7 -73.6 80.9 82.5 180.0
-159.7 -93.6 80.9 82.5 180.0
-159.7 -83.6 80.9 82.5 180.0
-159.7 -73.6 80.9 82.5 180.0
-176.0 -92.2 78.0 -172.4 180.0
-176.0 -82.2 78.0 -172.4 180.0
-176.0 -72.2 78.0 -172.4 180.0
-166.0 -92.2 78.0 -172.4 180.0
-166.0 -82.2 78.0 -172.4 180.0
-166.0 -72.2 78.0 -172.4 180.0
-156.0 -92.2 78.0 -172.4 180.0
-156.0 -82.2 78.0 -172.4 180.0
-156.0 -72.2 78.0 -172.4 180.0
-179.7 -93.6 71.6 -103.2 180.0
-179.7 -83.6 71.6 -103.2 180.0
-179.7 -73.6 71.6 -103.2 180.0
-169.7 -93.6 71.6 -103.2 180.0
-169.7 -83.6 71.6 -103.2 180.0
-169.7 -73.6 71.6 -103.2 180.0
-159.7 -93.6 71.6 -103.2 180.0
-159.7 -83.6 71.6 -103.2 180.0
-159.7 -73.6 71.6 -103.2 180.0
178.6 -95.4 -174.0 84.2 180.0
178.6 -85.4 -174.0 84.2 180.0
178.6 -75.4 -174.0 84.2 180.0
-171.4 -95.4 -174.0 84.2 180.0
-171.4 -85.4 -174.0 84.2 180.0
-171.4 -75.4 -174.0 84.2 180.0
-161.4 -95.4 -174.0 84.2 180.0
-161.4 -85.4 -174.0 84.2 180.0
-161.4 -75.4 -174.0 84.2 180.0
178.7 -97.2 -179.0 -176.1 180.0
178.7 -87.2 -179.0 -176.1 180.0
178.7 -77.2 -179.0 -176.1 180.0
-171.3 -97.2 -179.0 -176.1 180.0
-171.3 -87.2 -179.0 -176.1 180.0
-171.3 -77.2 -179.0 -176.1 180.0
-161.3 -97.2 -179.0 -176.1 180.0
-161.3 -87.2 -179.0 -176.1 180.0
-161.3 -77.2 -179.0 -176.1 180.0
179.0 -94.3 -176.8 -81.1 180.0
179.0 -84.3 -176.8 -81.1 180.0
179.0 -74.3 -176.8 -81.1 180.0
-171.0 -94.3 -176.8 -81.1 180.0
-171.0 -84.3 -176.8 -81.1 180.0
-171.0 -74.3 -176.8 -81.1 180.0
-161.0 -94.3 -176.8 -81.1 180.0
-161.0 -84.3 -176.8 -81.1 180.0
-161.0 -74.3 -176.8 -81.1 180.0
180.0 -102.9 -72.5 104.0 180.0
180.0 -92.9 -72.5 104.0 180.0
180.0 -82.9 -72.5 104.0 180.0
-170.0 -102.9 -72.5 104.0 180.0
-170.0 -92.9 -72.5 104.0 180.0
-170.0 -82.9 -72.5 104.0 180.0
-160.0 -102.9 -72.5 104.0 180.0
-160.0 -92.9 -72.5 104.0 180.0
-160.0 -82.9 -72.5 104.0 180.0
179.8 -101.1 -67.4 170.0 180.0
179.8 -91.1 -67.4 170.0 180.0
179.8 -81.1 -67.4 170.0 180.0
-170.2 -101.1 -67.4 170.0 180.0
-170.2 -91.1 -67.4 170.0 180.0
-170.2 -81.1 -67.4 170.0 180.0
-160.2 -101.1 -67.4 170.0 180.0
-160.2 -91.1 -67.4 170.0 180.0
-160.2 -81.1 -67.4 170.0 180.0
-175.9 -94.4 -59.4 -82.3 180.0
-175.9 -84.4 -59.4 -82.3 180.0
-175.9 -74.4 -59.4 -82.3 180.0
-165.9 -94.4 -59.4 -82.3 180.0
-165.9 -84.4 -59.4 -82.3 180.0
-165.9 -74.4 -59.4 -82.3 180.0
-155.9 -94.4 -59.4 -82.3 180.0
-155.9 -84.4 -59.4 -82.3 180.0
-155.9 -74.4 -59.4 -82.3 180.0
-89.0 77.7 66.3 84.2 180.0
-89.0 87.7 66.3 84.2 180.0
-89.0 97.7 66.3 84.2 180.0
-79.0 77.7 66.3 84.2 180.0
-79.0 87.7 66.3 84.2 180.0
-79.0 97.7 66.3 84.2 180.0
-69.0 77.7 66.3 84.2 180.0
-69.0 87.7 66.3 84.2 180.0
-69.0 97.7 66.3 84.2 180.0
-93.1 71.9 69.8 -178.0 180.0
-93.1 81.9 69.8 -178.0 180.0
-93.1 91.9 69.8 -178.0 180.0
-83.1 71.9 69.8 -178.0 180.0
-83.1 81.9 69.8 -178.0 180.0
-83.1 91.9 69.8 -178.0 180.0
-73.1 71.9 69.8 -178.0 180.0
-73.1 81.9 69.8 -178.0 180.0
-73.1 91.9 69.8 -178.0 180.0
-90.8 76.2 67.4 -101.7 180.0
-90.8 86.2 67.4 -101.7 180.0
-90.8 96.2 67.4 -101.7 180.0
-80.8 76.2 67.4 -101.7 180.0
-80.8 86.2 67.4 -101.7 180.0
-80.8 96.2 67.4 -101.7 180.0
-70.8 76.2 67.4 -101.7 180.0
-70.8 86.2 67.4 -101.7 180.0
-70.8 96.2 67.4 -101.7 180.0
-88.6 63.8 -179.4 85.1 180.0
-88.6 73.8 -179.4 85.1 180.0
-88.6 83.8 -179.4 85.1 180.0
-78.6 63.8 -179.4 85.1 180.0
-78.6 73.8 -179.4 85.1 180.0
-78.6 83.8 -179.4 85.1 180.0
-68.6 63.8 -179.4 85.1 180.0
-68.6 73.8 -179.4 85.1 180.0
-68.6 83.8 -179.4 85.1 180.0
-95.8 60.4 174.6 179.0 180.0
-95.8 70.4 174.6 179.0 180.0
-95.8 80.4 174.6 179.0 180.0
-85.8 60.4 174.6 179.0 180.0
-85.8 70.4 174.6 179.0 180.0
-85.8 80.4 174.6 179.0 180.0
-75.8 60.4 174.6 179.0 180.0
-75.8 70.4 174.6 179.0 180.0
-75.8 80.4 174.6 179.0 180.0
-90.8 69.3 177.3 -81.8 180.0
-90.8 79.3 177.3 -81.8 180.0
-90.8 89.3 177.3 -81.8 180.0
-80.8 69.3 177.3 -81.8 180.0
-80.8 79.3 177.3 -81.8 180.0
-80.8 89.3 177.3 -81.8 180.0
-70.8 69.3 177.3 -81.8 180.0
-70.8 79.3 177.3 -81.8 180.0
-70.8 89.3 177.3 -81.8 180.0
-92.6 67.9 -78.4 102.9 180.0
-92.6 77.9 -78.4 102.9 180.0
-92.6 87.9 -78.4 102.9 180.0
-82.6 67.9 -78.4 102.9 180.0
-82.6 77.9 -78.4 102.9 180.0
-82.6 87.9 -78.4 102.9 180.0
-72.6 67.9 -78.4 102.9 180.0
-72.6 77.9 -78.4 102.9 180.0
-72.6 87.9 -78.4 102.9 180.0
-95.1 67.1 -91.5 168.7 180.0
-95.1 77.1 -91.5 168.7 180.0
-95.1 87.1 -91.5 168.7 180.0
-85.1 67.1 -91.5 168.7 180.0
-85.1 77.1 -91.5 168.7 180.0
-85.1 87.1 -91.5 168.7 180.0
-75.1 67.1 -91.5 168.7 180.0
-75.1 77.1 -91.5 168.7 180.0
-75.1 87.1 -91.5 168.7 180.0
-91.6 68.0 -79.6 -84.1 180.0
-91.6 78.0 -79.6 -84.1 180.0
-91.6 88.0 -79.6 -84.1 180.0
-81.6 68.0 -79.6 -84.1 180.0
-81.6 78.0 -79.6 -84.1 180.0
-81.6 88.0 -79.6 -84.1 180.0
-71.6 68.0 -79.6 -84.1 180.0
-71.6 78.0 -79.6 -84.1 180.0
-71.6 88.0 -79.6 -84.1 180.0
-76.2 169.5 66.1 84.3 180.0
-76.2 179.5 66.1 84.3 180.0
-76.2 -170.5 66.1 84.3 180.0
-66.2 169.5 66.1 84.3 180.0
-66.2 179.5 66.1 84.3 180.0
-66.2 -170.5 66.1 84.3 180.0
-56.2 169.5 66.1 84.3 180.0
-56.2 179.5 66.1 84.3 180.0
-56.2 -170.5 66.1 84.3 180.0
-76.7 168.5 65.6 -170.1 180.0
-76.7 178.5 65.6 -170.1 180.0
-76.7 -171.5 65.6 -170.1 180.0
-66.7 168.5 65.6 -170.1 180.0
-66.7 178.5 65.6 -170.1 180.0
-66.7 -171.5 65.6 -170.1 180.0
-56.7 168.5 65.6 -170.1 180.0
-56.7 178.5 65.6 -170.1 180.0
-56.7 -171.5 65.6 -170.1 180.0
-77.2 171.5 63.1 -101.8 180.0
-77.2 -178.5 63.1 -101.8 180.0
-77.2 -168.5 63.1 -101.8 180.0
-67.2 171.5 63.1 -101.8 180.0
-67.2 -178.5 63.1 -101.8 180.0
-67.2 -168.5 63.1 -101.8 180.0
-57.2 171.5 63.1 -101.8 180.0
-57.2 -178.5 63.1 -101.8 180.0
-57.2 -168.5 63.1 -101.8 180.0
-76.9 169.7 178.7 86.7 180.0
-76.9 179.7 178.7 86.7 180.0
-76.9 -170.3 178.7 86.7 180.0
-66.9 169.7 178.7 86.7 180.0
-66.9 179.7 178.7 86.7 180.0
-66.9 -170.3 178.7 86.7 180.0
-56.9 169.7 178.7 86.7 180.0
-56.9 179.7 178.7 86.7 180.0
-56.9 -170.3 178.7 86.7 180.0
-77.7 169.1 -179.0 176.3 180.0
-77.7 179.1 -179.0 176.3 180.0
-77.7 -170.9 -179.0 176.3 180.0
-67.7 169.1 -179.0 176.3 180.0
-67.7 179.1 -179.0 176.3 180.0
-67.7 -170.9 -179.0 176.3 180.0
-57.7 169.1 -179.0 176.3 180.0
-57.7 179.1 -179.0 176.3 180.0
-57.7 -170.9 -179.0 176.3 180.0
-78.1 170.3 -176.3 -82.7 180.0
-78.1 -179.7 -176.3 -82.7 180.0
-78.1 -169.7 -176.3 -82.7 180.0
-68.1 170.3 -176.3 -82.7 180.0
-68.1 -179.7 -176.3 -82.7 180.0
-68.1 -169.7 -176.3 -82.7 180.0
-58.1 170.3 -176.3 -82.7 180.0
-58.1 -179.7 -176.3 -82.7 180.0
-58.1 -169.7 -176.3 -82.7 180.0
-78.9 174.4 -68.5 102.2 180.0
-78.9 -175.6 -68.5 102.2 180.0
-78.9 -165.6 -68.5 102.2 180.0
-68.9 174.4 -68.5 102.2 180.0
-68.9 -175.6 -68.5 102.2 180.0
-68.9 -165.6 -68.5 102.2 180.0
-58.9 174.4 -68.5 102.2 180.0
-58.9 -175.6 -68.5 102.2 180.0
-58.9 -165.6 -68.5 102.2 180.0
-77.0 169.5 -67.9 173.2 180.0
-77.0 179.5 -67.9 173.2 180.0
-77.0 -170.5 -67.9 173.2 180.0
-67.0 169.5 -67.9 173.2 180.0
-67.0 179.5 -67.9 173.2 180.0
-67.0 -170.5 -67.9 173.2 180.0
-57.0 169.5 -67.9 173.2 180.0
-57.0 179.5 -67.9 173.2 180.0
-57.0 -170.5 -67.9 173.2 180.0
-78.4 179.4 -64.5 -85.4 180.0
-78.4 -170.6 -64.5 -85.4 180.0
-78.4 -160.6 -64.5 -85.4 180.0
-68.4 179.4 -64.5 -85.4 180.0
-68.4 -170.6 -64.5 -85.4 180.0
-68.4 -160.6 -64.5 -85.4 180.0
-58.4 179.4 -64.5 -85.4 180.0
-58.4 -170.6 -64.5 -85.4 180.0
-58.4 -160.6 -64.5 -85.4 180.0
-73.9 -86.1 80.0 79.6 180.0
-73.9 -76.1 80.0 79.6 180.0
-73.9 -66.1 80.0 79.6 180.0
-63.9 -86.1 80.0 79.6 180.0
-63.9 -76.1 80.0 79.6 180.0
-63.9 -66.1 80.0 79.6 180.0
-53.9 -86.1 80.0 79.6 180.0
-53.9 -76.1 80.0 79.6 180.0
-53.9 -66.1 80.0 79.6 180.0
-74.3 -90.3 78.7 -165.9 180.0
-74.3 -80.3 78.7 -165.9 180.0
-74.3 -70.3 78.7 -165.9 180.0
-64.3 -90.3 78.7 -165.9 180.0
-64.3 -80.3 78.7 -165.9 180.0
-64.3 -70.3 78.7 -165.9 180.0
-54.3 -90.3 78.7 -165.9 180.0
-54.3 -80.3 78.7 -165.9 180.0
-54.3 -70.3 78.7 -165.9 180.0
-72.5 -90.5 71.6 -105.6 180.0
-72.5 -80.5 71.6 -105.6 180.0
-72.5 -70.5 71.6 -105.6 180.0
-62.5 -90.5 71.6 -105.6 180.0
-62.5 -80.5 71.6 -105.6 180.0
-62.5 -70.5 71.6 -105.6 180.0
-52.5 -90.5 71.6 -105.6 180.0
-52.5 -80.5 71.6 -105.6 180.0
-52.5 -70.5 71.6 -105.6 180.0
-72.6 -78.9 179.4 83.8 180.0
-72.6 -68.9 179.4 83.8 180.0
-72.6 -58.9 179.4 83.8 180.0
-62.6 -78.9 179.4 83.8 180.0
-62.6 -68.9 179.4 83.8 180.0
-62.6 -58.9 179.4 83.8 180.0
-52.6 -78.9 179.4 83.8 180.0
-52.6 -68.9 179.4 83.8 180.0
-52.6 -58.9 179.4 83.8 180.0
-72.7 -82.4 -177.9 -177.8 180.0
-72.7 -72.4 -177.9 -177.8 180.0
-72.7 -62.4 -177.9 -177.8 180.0
-62.7 -82.4 -177.9 -177.8 180.0
-62.7 -72.4 -177.9 -177.8 180.0
-62.7 -62.4 -177.9 -177.8 180.0
-52.7 -82.4 -177.9 -177.8 180.0
-52.7 -72.4 -177.9 -177.8 180.0
-52.7 -62.4 -177.9 -177.8 180.0
-73.2 -79.8 -175.2 -87.0 180.0
-73.2 -69.8 -175.2 -87.0 180.0
-73.2 -59.8 -175.2 -87.0 180.0
-63.2 -79.8 -175.2 -87.0 180.0
-63.2 -69.8 -175.2 -87.0 180.0
-63.2 -59.8 -175.2 -87.0 180.0
-53.2 -79.8 -175.2 -87.0 180.0
-53.2 -69.8 -175.2 -87.0 180.0
-53.2 -59.8 -175.2 -87.0 180.0
-74.9 -84.5 -79.7 95.0 180.0
-74.9 -74.5 -79.7 95.0 180.0
-74.9 -64.5 -79.7 95.0 180.0
-64.9 -84.5 -79.7 95.0 180.0
-64.9 -74.5 -79.7 95.0 180.0
-64.9 -64.5 -79.7 95.0 180.0
-54.9 -84.5 -79.7 95.0 180.0
-54.9 -74.5 -79.7 95.0 180.0
-54.9 -64.5 -79.7 95.0 180.0
-73.6 -77.9 -65.0 169.4 180.0
-73.6 -67.9 -65.0 169.4 180.0
-73.6 -57.9 -65.0 169.4 180.0
-63.6 -77.9 -65.0 169.4 180.0
-63.6 -67.9 -65.0 169.4 180.0
-63.6 -57.9 -65.0 169.4 180.0
-53.6 -77.9 -65.0 169.4 180.0
-53.6 -67.9 -65.0 169.4 180.0
-53.6 -57.9 -65.0 169.4 180.0
-72.8 -78.8 -60.8 -83.5 180.0
-72.8 -68.8 -60.8 -83.5 180.0
-72.8 -58.8 -60.8 -83.5 180.0
-62.8 -78.8 -60.8 -83.5 180.0
-62.8 -68.8 -60.8 -83.5 180.0
-62.8 -58.8 -60.8 -83.5 180.0
-52.8 -78.8 -60.8 -83.5 180.0
-52.8 -68.8 -60.8 -83.5 180.0
-52.8 -58.8 -60.8 -83.5 180.0
ASN 2 180
N CA CB CG
CA CB CG OD1
40.3 -125.0
40.3 -115.0
40.3 -105.0
50.3 -125.0
50.3 -115.0
50.3 -105.0
60.3 -125.0
60.3 -115.0
60.3 -105.0
54.5 -63.9
54.5 -53.9
54.5 -43.9
64.5 -63.9
64.5 -53.9
64.5 -43.9
74.5 -63.9
74.5 -53.9
74.5 -43.9
54.6 -8.5
54.6 1.5
54.6 11.5
64.6 -8.5
64.6 1.5
64.6 11.5
74.6 -8.5
74.6 1.5
74.6 11.5
50.0 47.0
50.0 57.0
50.0 67.0
60.0 47.0
60.0 57.0
60.0 67.0
70.0 47.0
70.0 57.0
70.0 67.0
58.9 91.9
58.9 101.9
58.9 111.9
68.9 91.9
68.9 101.9
68.9 111.9
78.9 91.9
78.9 101.9
78.9 111.9
59.3 165.1
59.3 175.1
59.3 -174.9
69.3 165.1
69.3 175.1
69.3 -174.9
79.3 165.1
79.3 175.1
79.3 -174.9
-179.3 -165.7
-179.3 -155.7
-179.3 -145.7
-169.3 -165.7
-169.3 -155.7
-169.3 -145.7
-159.3 -165.7
-159.3 -155.7
-159.3 -145.7
174.0 -124.6
174.0 -114.6
174.0 -104.6
-176.0 -124.6
-176.0 -114.6
-176.0 -104.6
-166.0 -124.6
-166.0 -114.6
-166.0 -104.6
176.5 -76.3
176.5 -66.3
176.5 -56.3
-173.5 -76.3
-173.5 -66.3
-173.5 -56.3
-163.5 -76.3
-163.5 -66.3
-163.5 -56.3
179.2 -30.2
179.2 -20.2
179.2 -10.2
-170.8 -30.2
-170.8 -20.2
-170.8 -10.2
-160.8 -30.2
-160.8 -20.2
-160.8 -10.2
-179.3 14.3
-179.3 24.3
-179.3 34.3
-169.3 14.3
-169.3 24.3
-169.3 34.3
-159.3 14.3
-159.3 24.3
-159.3 34.3
178.1 50.6
178.1 60.6
178.1 70.6
-171.9 50.6
-171.9 60.6
-171.9 70.6
-161.9 50.6
-161.9 60.6
-161.9 70.6
-170.3 111.5
-170.3 121.5
-170.3 131.5
-160.3 111.5
-160.3 121.5
-160.3 131.5
-150.3 111.5
-150.3 121.5
-150.3 131.5
179.2 149.8
179.2 159.8
179.2 169.8
-170.8 149.8
-170.8 159.8
-170.8 169.8
-160.8 149.8
-160.8 159.8
-160.8 169.8
-87.3 -147.6
-87.3 -137.6
-87.3 -127.6
-77.3 -147.6
-77.3 -137.6
-77.3 -127.6
-67.3 -147.6
-67.3 -137.6
-67.3 -127.6
-75.7 -73.9
-75.7 -63.9
-75.7 -53.9
-65.7 -73.9
-65.7 -63.9
-65.7 -53.9
-55.7 -73.9
-55.7 -63.9
-55.7 -53.9
-80.4 -33.2
-80.4 -23.2
-80.4 -13.2
-70.4 -33.2
-70.4 -23.2
-70.4 -13.2
-60.4 -33.2
-60.4 -23.2
-60.4 -13.2
-89.5 24.3
-89.5 34.3
-89.5 44.3
-79.5 24.3
-79.5 34.3
-79.5 44.3
-69.5 24.3
-69.5 34.3
-69.5 44.3
-75.2 86.5
-75.2 96.5
-75.2 106.5
-65.2 86.5
-65.2 96.5
-65.2 106.5
-55.2 86.5
-55.2 96.5
-55.2 106.5
-74.7 129.8
-74.7 139.8
-74.7 149.8
-64.7 129.8
-64.7 139.8
-64.7 149.8
-54.7 129.8
-54.7 139.8
-54.7 149.8
ASP 2 81
N CA CB CG
CA CB CG OD1
47.1 44.3
47.1 54.3
47.1 64.3
57.1 44.3
57.1 54.3
57.1 64.3
67.1 44.3
67.1 54.3
67.1 64.3
52.5 -8.7
52.5 1.3
52.5 11.3
62.5 -8.7
62.5 1.3
62.5 11.3
72.5 -8.7
72.5 1.3
72.5 11.3
52.4 -65.8
52.4 -55.8
52.4 -45.8
62.4 -65.8
62.4 -55.8
62.4 -45.8
72.4 -65.8
72.4 -55.8
72.4 -45.8
176.4 48.5
176.4 58.5
176.4 68.5
-173.6 48.5
-173.6 58.5
-173.6 68.5
-163.6 48.5
-163.6 58.5
-163.6 68.5
177.7 -10.8
177.7 -0.8
177.7 9.2
-172.3 -10.8
-172.3 -0.8
-172.3 9.2
-162.3 -10.8
-162.3 -0.8
-162.3 9.2
-177.9 -65.7
-177.9 -55.7
-177.9 -45.7
-167.9 -65.7
-167.9 -55.7
-167.9 -45.7
-157.9 -65.7
-157.9 -55.7
-157.9 -45.7
-79.1 55.0
-79.1 65.0
-79.1 75.0
-69.1 55.0
-69.1 65.0
-69.1 75.0
-59.1 55.0
-59.1 65.0
-59.1 75.0
-82.1 -22.7
-82.1 -12.7
-82.1 -2.7
-72.1 -22.7
-72.1 -12.7
-72.1 -2.7
-62.1 -22.7
-62.1 -12.7
-62.1 -2.7
-75.4 -59.8
-75.4 -49.8
-75.4 -39.8
-65.4 -59.8
-65.4 -49.8
-65.4 -39.8
-55.4 -59.8
-55.4 -49.8
-55.4 -39.8
CYS 1 9
N CA CB SG
-177.3
-167.3
-74.3
-64.3
-54.3
53.7
63.7
73.7
172.7
GLH 4 486
N CA CB CG
CA CB CG CD
CB CG CD OE1
OE1 CD OE2 HE2
44.3 73.1 49.0 0.0
44.3 73.1 49.0 180.0
44.3 83.1 49.0 0.0
44.3 83.1 49.0 180.0
44.3 93.1 49.0 0.0
44.3 93.1 49.0 180.0
54.3 73.1 49.0 0.0
54.3 73.1 49.0 180.0
54.3 83.1 49.0 0.0
54.3 83.1 49.0 180.0
54.3 93.1 49.0 0.0
54.3 93.1 49.0 180.0
64.3 73.1 49.0 0.0
64.3 73.1 49.0 180.0
64.3 83.1 49.0 0.0
64.3 83.1 49.0 180.0
64.3 93.1 49.0 0.0
64.3 93.1 49.0 180.0
44.5 78.3 6.4 0.0
44.5 78.3 6.4 180.0
44.5 88.3 6.4 0.0
44.5 88.3 6.4 180.0
44.5 98.3 6.4 0.0
44.5 98.3 6.4 180.0
54.5 78.3 6.4 0.0
54.5 78.3 6.4 180.0
54.5 88.3 6.4 0.0
54.5 88.3 6.4 180.0
54.5 98.3 6.4 0.0
54.5 98.3 6.4 180.0
64.5 78.3 6.4 0.0
64.5 78.3 6.4 180.0
64.5 88.3 6.4 0.0
64.5 88.3 6.4 180.0
64.5 98.3 6.4 0.0
64.5 98.3 6.4 180.0
40.8 68.6 -61.4 0.0
40.8 68.6 -61.4 180.0
40.8 78.6 -61.4 0.0
40.8 78.6 -61.4 180.0
40.8 88.6 -61.4 0.0
40.8 88.6 -61.4 180.0
50.8 68.6 -61.4 0.0
50.8 68.6 -61.4 180.0
50.8 78.6 -61.4 0.0
50.8 78.6 -61.4 180.0
50.8 88.6 -61.4 0.0
50.8 88.6 -61.4 180.0
60.8 68.6 -61.4 0.0
60.8 68.6 -61.4 180.0
60.8 78.6 -61.4 0.0
60.8 78.6 -61.4 180.0
60.8 88.6 -61.4 0.0
60.8 88.6 -61.4 180.0
54.2 171.6 58.7 0.0
54.2 171.6 58.7 180.0
54.2 -178.4 58.7 0.0
54.2 -178.4 58.7 180.0
54.2 -168.4 58.7 0.0
54.2 -168.4 58.7 180.0
64.2 171.6 58.7 0.0
64.2 171.6 58.7 180.0
64.2 -178.4 58.7 0.0
64.2 -178.4 58.7 180.0
64.2 -168.4 58.7 0.0
64.2 -168.4 58.7 180.0
74.2 171.6 58.7 0.0
74.2 171.6 58.7 180.0
74.2 -178.4 58.7 0.0
74.2 -178.4 58.7 180.0
74.2 -168.4 58.7 0.0
74.2 -168.4 58.7 180.0
54.6 172.6 1.7 0.0
54.6 172.6 1.7 180.0
54.6 -177.4 1.7 0.0
54.6 -177.4 1.7 180.0
54.6 -167.4 1.7 0.0
54.6 -167.4 1.7 180.0
64.6 172.6 1.7 0.0
64.6 172.6 1.7 180.0
64.6 -177.4 1.7 0.0
64.6 -177.4 1.7 180.0
64.6 -167.4 1.7 0.0
64.6 -167.4 1.7 180.0
74.6 172.6 1.7 0.0
74.6 172.6 1.7 180.0
74.6 -177.4 1.7 0.0
74.6 -177.4 1.7 180.0
74.6 -167.4 1.7 0.0
74.6 -167.4 1.7 180.0
55.3 173.4 -58.5 0.0
55.3 173.4 -58.5 180.0
55.3 -176.6 -58.5 0.0
55.3 -176.6 -58.5 180.0
55.3 -166.6 -58.5 0.0
55.3 -166.6 -58.5 180.0
65.3 173.4 -58.5 0.0
65.3 173.4 -58.5 180.0
65.3 -176.6 -58.5 0.0
65.3 -176.6 -58.5 180.0
65.3 -166.6 -58.5 0.0
65.3 -166.6 -58.5 180.0
75.3 173.4 -58.5 0.0
75.3 173.4 -58.5 180.0
75.3 -176.6 -58.5 0.0
75.3 -176.6 -58.5 180.0
75.3 -166.6 -58.5 0.0
75.3 -166.6 -58.5 180.0
48.6 -103.4 51.0 0.0
48.6 -103.4 51.0 180.0
48.6 -93.4 51.0 0.0
48.6 -93.4 51.0 180.0
48.6 -83.4 51.0 0.0
48.6 -83.4 51.0 180.0
58.6 -103.4 51.0 0.0
58.6 -103.4 51.0 180.0
58.6 -93.4 51.0 0.0
58.6 -93.4 51.0 180.0
58.6 -83.4 51.0 0.0
58.6 -83.4 51.0 180.0
68.6 -103.4 51.0 0.0
68.6 -103.4 51.0 180.0
68.6 -93.4 51.0 0.0
68.6 -93.4 51.0 180.0
68.6 -83.4 51.0 0.0
68.6 -83.4 51.0 180.0
58.3 -91.5 2.6 0.0
58.3 -91.5 2.6 180.0
58.3 -81.5 2.6 0.0
58.3 -81.5 2.6 180.0
58.3 -71.5 2.6 0.0
58.3 -71.5 2.6 180.0
68.3 -91.5 2.6 0.0
68.3 -91.5 2.6 180.0
68.3 -81.5 2.6 0.0
68.3 -81.5 2.6 180.0
68.3 -71.5 2.6 0.0
68.3 -71.5 2.6 180.0
78.3 -91.5 2.6 0.0
78.3 -91.5 2.6 180.0
78.3 -81.5 2.6 0.0
78.3 -81.5 2.6 180.0
78.3 -71.5 2.6 0.0
78.3 -71.5 2.6 180.0
55.1 -84.4 -51.1 0.0
55.1 -84.4 -51.1 180.0
55.1 -74.4 -51.1 0.0
55.1 -74.4 -51.1 180.0
55.1 -64.4 -51.1 0.0
55.1 -64.4 -51.1 180.0
65.1 -84.4 -51.1 0.0
65.1 -84.4 -51.1 180.0
65.1 -74.4 -51.1 0.0
65.1 -74.4 -51.1 180.0
65.1 -64.4 -51.1 0.0
65.1 -64.4 -51.1 180.0
75.1 -84.4 -51.1 0.0
75.1 -84.4 -51.1 180.0
75.1 -74.4 -51.1 0.0
75.1 -74.4 -51.1 180.0
75.1 -64.4 -51.1 0.0
75.1 -64.4 -51.1 180.0
177.2 52.1 52.1 0.0
177.2 52.1 52.1 180.0
177.2 62.1 52.1 0.0
177.2 62.1 52.1 180.0
177.2 72.1 52.1 0.0
177.2 72.1 52.1 180.0
-172.8 52.1 52.1 0.0
-172.8 52.1 52.1 180.0
-172.8 62.1 52.1 0.0
-172.8 62.1 52.1 180.0
-172.8 72.1 52.1 0.0
-172.8 72.1 52.1 180.0
-162.8 52.1 52.1 0.0
-162.8 52.1 52.1 180.0
-162.8 62.1 52.1 0.0
-162.8 62.1 52.1 180.0
-162.8 72.1 52.1 0.0
-162.8 72.1 52.1 180.0
171.6 57.8 9.7 0.0
171.6 57.8 9.7 180.0
171.6 67.8 9.7 0.0
171.6 67.8 9.7 180.0
171.6 77.8 9.7 0.0
171.6 77.8 9.7 180.0
-178.4 57.8 9.7 0.0
-178.4 57.8 9.7 180.0
-178.4 67.8 9.7 0.0
-178.4 67.8 9.7 180.0
-178.4 77.8 9.7 0.0
-178.4 77.8 9.7 180.0
-168.4 57.8 9.7 0.0
-168.4 57.8 9.7 180.0
-168.4 67.8 9.7 0.0
-168.4 67.8 9.7 180.0
-168.4 77.8 9.7 0.0
-168.4 77.8 9.7 180.0
175.8 62.2 -65.1 0.0
175.8 62.2 -65.1 180.0
175.8 72.2 -65.1 0.0
175.8 72.2 -65.1 180.0
175.8 82.2 -65.1 0.0
175.8 82.2 -65.1 180.0
-174.2 62.2 -65.1 0.0
-174.2 62.2 -65.1 180.0
-174.2 72.2 -65.1 0.0
-174.2 72.2 -65.1 180.0
-174.2 82.2 -65.1 0.0
-174.2 82.2 -65.1 180.0
-164.2 62.2 -65.1 0.0
-164.2 62.2 -65.1 180.0
-164.2 72.2 -65.1 0.0
-164.2 72.2 -65.1 180.0
-164.2 82.2 -65.1 0.0
-164.2 82.2 -65.1 180.0
172.4 165.8 57.3 0.0
172.4 165.8 57.3 180.0
172.4 175.8 57.3 0.0
172.4 175.8 57.3 180.0
172.4 -174.2 57.3 0.0
172.4 -174.2 57.3 180.0
-177.6 165.8 57.3 0.0
-177.6 165.8 57.3 180.0
-177.6 175.8 57.3 0.0
-177.6 175.8 57.3 180.0
-177.6 -174.2 57.3 0.0
-177.6 -174.2 57.3 180.0
-167.6 165.8 57.3 0.0
-167.6 165.8 57.3 180.0
-167.6 175.8 57.3 0.0
-167.6 175.8 57.3 180.0
-167.6 -174.2 57.3 0.0
-167.6 -174.2 57.3 180.0
172.7 167.9 -0.2 0.0
172.7 167.9 -0.2 180.0
172.7 177.9 -0.2 0.0
172.7 177.9 -0.2 180.0
172.7 -172.1 -0.2 0.0
172.7 -172.1 -0.2 180.0
-177.3 167.9 -0.2 0.0
-177.3 167.9 -0.2 180.0
-177.3 177.9 -0.2 0.0
-177.3 177.9 -0.2 180.0
-177.3 -172.1 -0.2 0.0
-177.3 -172.1 -0.2 180.0
-167.3 167.9 -0.2 0.0
-167.3 167.9 -0.2 180.0
-167.3 177.9 -0.2 0.0
-167.3 177.9 -0.2 180.0
-167.3 -172.1 -0.2 0.0
-167.3 -172.1 -0.2 180.0
174.8 169.2 -57.4 0.0
174.8 169.2 -57.4 180.0
174.8 179.2 -57.4 0.0
174.8 179.2 -57.4 180.0
174.8 -170.8 -57.4 0.0
174.8 -170.8 -57.4 180.0
-175.2 169.2 -57.4 0.0
-175.2 169.2 -57.4 180.0
-175.2 179.2 -57.4 0.0
-175.2 179.2 -57.4 180.0
-175.2 -170.8 -57.4 0.0
-175.2 -170.8 -57.4 180.0
-165.2 169.2 -57.4 0.0
-165.2 169.2 -57.4 180.0
-165.2 179.2 -57.4 0.0
-165.2 179.2 -57.4 180.0
-165.2 -170.8 -57.4 0.0
-165.2 -170.8 -57.4 180.0
-165.8 -86.6 63.4 0.0
-165.8 -86.6 63.4 180.0
-165.8 -76.6 63.4 0.0
-165.8 -76.6 63.4 180.0
-165.8 -66.6 63.4 0.0
-165.8 -66.6 63.4 180.0
-155.8 -86.6 63.4 0.0
-155.8 -86.6 63.4 180.0
-155.8 -76.6 63.4 0.0
-155.8 -76.6 63.4 180.0
-155.8 -66.6 63.4 0.0
-155.8 -66.6 63.4 180.0
-145.8 -86.6 63.4 0.0
-145.8 -86.6 63.4 180.0
-145.8 -76.6 63.4 0.0
-145.8 -76.6 63.4 180.0
-145.8 -66.6 63.4 0.0
-145.8 -66.6 63.4 180.0
-179.0 -96.3 -14.5 0.0
-179.0 -96.3 -14.5 180.0
-179.0 -86.3 -14.5 0.0
-179.0 -86.3 -14.5 180.0
-179.0 -76.3 -14.5 0.0
-179.0 -76.3 -14.5 180.0
-169.0 -96.3 -14.5 0.0
-169.0 -96.3 -14.5 180.0
-169.0 -86.3 -14.5 0.0
-169.0 -86.3 -14.5 180.0
-169.0 -76.3 -14.5 0.0
-169.0 -76.3 -14.5 180.0
-159.0 -96.3 -14.5 0.0
-159.0 -96.3 -14.5 180.0
-159.0 -86.3 -14.5 0.0
-159.0 -86.3 -14.5 180.0
-159.0 -76.3 -14.5 0.0
-159.0 -76.3 -14.5 180.0
-176.0 -90.1 -49.5 0.0
-176.0 -90.1 -49.5 180.0
-176.0 -80.1 -49.5 0.0
-176.0 -80.1 -49.5 180.0
-176.0 -70.1 -49.5 0.0
-176.0 -70.1 -49.5 180.0
-166.0 -90.1 -49.5 0.0
-166.0 -90.1 -49.5 180.0
-166.0 -80.1 -49.5 0.0
-166.0 -80.1 -49.5 180.0
-166.0 -70.1 -49.5 0.0
-166.0 -70.1 -49.5 180.0
-156.0 -90.1 -49.5 0.0
-156.0 -90.1 -49.5 180.0
-156.0 -80.1 -49.5 0.0
-156.0 -80.1 -49.5 180.0
-156.0 -70.1 -49.5 0.0
-156.0 -70.1 -49.5 180.0
-76.3 61.1 52.3 0.0
-76.3 61.1 52.3 180.0
-76.3 71.1 52.3 0.0
-76.3 71.1 52.3 180.0
-76.3 81.1 52.3 0.0
-76.3 81.1 52.3 180.0
-66.3 61.1 52.3 0.0
-66.3 61.1 52.3 180.0
-66.3 71.1 52.3 0.0
-66.3 71.1 52.3 180.0
-66.3 81.1 52.3 0.0
-66.3 81.1 52.3 180.0
-56.3 61.1 52.3 0.0
-56.3 61.1 52.3 180.0
-56.3 71.1 52.3 0.0
-56.3 71.1 52.3 180.0
-56.3 81.1 52.3 0.0
-56.3 81.1 52.3 180.0
-76.2 72.2 1.9 0.0
-76.2 72.2 1.9 180.0
-76.2 82.2 1.9 0.0
-76.2 82.2 1.9 180.0
-76.2 92.2 1.9 0.0
-76.2 92.2 1.9 180.0
-66.2 72.2 1.9 0.0
-66.2 72.2 1.9 180.0
-66.2 82.2 1.9 0.0
-66.2 82.2 1.9 180.0
-66.2 92.2 1.9 0.0
-66.2 92.2 1.9 180.0
-56.2 72.2 1.9 0.0
-56.2 72.2 1.9 180.0
-56.2 82.2 1.9 0.0
-56.2 82.2 1.9 180.0
-56.2 92.2 1.9 0.0
-56.2 92.2 1.9 180.0
-76.8 81.0 -54.1 0.0
-76.8 81.0 -54.1 180.0
-76.8 91.0 -54.1 0.0
-76.8 91.0 -54.1 180.0
-76.8 101.0 -54.1 0.0
-76.8 101.0 -54.1 180.0
-66.8 81.0 -54.1 0.0
-66.8 81.0 -54.1 180.0
-66.8 91.0 -54.1 0.0
-66.8 91.0 -54.1 180.0
-66.8 101.0 -54.1 0.0
-66.8 101.0 -54.1 180.0
-56.8 81.0 -54.1 0.0
-56.8 81.0 -54.1 180.0
-56.8 91.0 -54.1 0.0
-56.8 91.0 -54.1 180.0
-56.8 101.0 -54.1 0.0
-56.8 101.0 -54.1 180.0
-78.3 169.3 56.0 0.0
-78.3 169.3 56.0 180.0
-78.3 179.3 56.0 0.0
-78.3 179.3 56.0 180.0
-78.3 -170.7 56.0 0.0
-78.3 -170.7 56.0 180.0
-68.3 169.3 56.0 0.0
-68.3 169.3 56.0 180.0
-68.3 179.3 56.0 0.0
-68.3 179.3 56.0 180.0
-68.3 -170.7 56.0 0.0
-68.3 -170.7 56.0 180.0
-58.3 169.3 56.0 0.0
-58.3 169.3 56.0 180.0
-58.3 179.3 56.0 0.0
-58.3 179.3 56.0 180.0
-58.3 -170.7 56.0 0.0
-58.3 -170.7 56.0 180.0
-77.7 167.8 -2.2 0.0
-77.7 167.8 -2.2 180.0
-77.7 177.8 -2.2 0.0
-77.7 177.8 -2.2 180.0
-77.7 -172.2 -2.2 0.0
-77.7 -172.2 -2.2 180.0
-67.7 167.8 -2.2 0.0
-67.7 167.8 -2.2 180.0
-67.7 177.8 -2.2 0.0
-67.7 177.8 -2.2 180.0
-67.7 -172.2 -2.2 0.0
-67.7 -172.2 -2.2 180.0
-57.7 167.8 -2.2 0.0
-57.7 167.8 -2.2 180.0
-57.7 177.8 -2.2 0.0
-57.7 177.8 -2.2 180.0
-57.7 -172.2 -2.2 0.0
-57.7 -172.2 -2.2 180.0
-75.3 171.8 -54.7 0.0
-75.3 171.8 -54.7 180.0
-75.3 -178.2 -54.7 0.0
-75.3 -178.2 -54.7 180.0
-75.3 -168.2 -54.7 0.0
-75.3 -168.2 -54.7 180.0
-65.3 171.8 -54.7 0.0
-65.3 171.8 -54.7 180.0
-65.3 -178.2 -54.7 0.0
-65.3 -178.2 -54.7 180.0
-65.3 -168.2 -54.7 0.0
-65.3 -168.2 -54.7 180.0
-55.3 171.8 -54.7 0.0
-55.3 171.8 -54.7 180.0
-55.3 -178.2 -54.7 0.0
-55.3 -178.2 -54.7 180.0
-55.3 -168.2 -54.7 0.0
-55.3 -168.2 -54.7 180.0
-74.1 -89.0 64.0 0.0
-74.1 -89.0 64.0 180.0
-74.1 -79.0 64.0 0.0
-74.1 -79.0 64.0 180.0
-74.1 -69.0 64.0 0.0
-74.1 -69.0 64.0 180.0
-64.1 -89.0 64.0 0.0
-64.1 -89.0 64.0 180.0
-64.1 -79.0 64.0 0.0
-64.1 -79.0 64.0 180.0
-64.1 -69.0 64.0 0.0
-64.1 -69.0 64.0 180.0
-54.1 -89.0 64.0 0.0
-54.1 -89.0 64.0 180.0
-54.1 -79.0 64.0 0.0
-54.1 -79.0 64.0 180.0
-54.1 -69.0 64.0 0.0
-54.1 -69.0 64.0 180.0
-74.2 -81.2 -9.8 0.0
-74.2 -81.2 -9.8 180.0
-74.2 -71.2 -9.8 0.0
-74.2 -71.2 -9.8 180.0
-74.2 -61.2 -9.8 0.0
-74.2 -61.2 -9.8 180.0
-64.2 -81.2 -9.8 0.0
-64.2 -81.2 -9.8 180.0
-64.2 -71.2 -9.8 0.0
-64.2 -71.2 -9.8 180.0
-64.2 -61.2 -9.8 0.0
-64.2 -61.2 -9.8 180.0
-54.2 -81.2 -9.8 0.0
-54.2 -81.2 -9.8 180.0
-54.2 -71.2 -9.8 0.0
-54.2 -71.2 -9.8 180.0
-54.2 -61.2 -9.8 0.0
-54.2 -61.2 -9.8 180.0
-77.7 -70.7 -52.4 0.0
-77.7 -70.7 -52.4 180.0
-77.7 -60.7 -52.4 0.0
-77.7 -60.7 -52.4 180.0
-77.7 -50.7 -52.4 0.0
-77.7 -50.7 -52.4 180.0
-67.7 -70.7 -52.4 0.0
-67.7 -70.7 -52.4 180.0
-67.7 -60.7 -52.4 0.0
-67.7 -60.7 -52.4 180.0
-67.7 -50.7 -52.4 0.0
-67.7 -50.7 -52.4 180.0
-57.7 -70.7 -52.4 0.0
-57.7 -70.7 -52.4 180.0
-57.7 -60.7 -52.4 0.0
-57.7 -60.7 -52.4 180.0
-57.7 -50.7 -52.4 0.0
-57.7 -50.7 -52.4 180.0
GLN 3 324
N CA CB CG
CA CB CG CD
CB CG CD OE1
54.1 64.9 -124.0
54.1 74.9 -124.0
54.1 84.9 -124.0
64.1 64.9 -124.0
64.1 74.9 -124.0
64.1 84.9 -124.0
74.1 64.9 -124.0
74.1 74.9 -124.0
74.1 84.9 -124.0
54.9 76.9 -33.0
54.9 86.9 -33.0
54.9 96.9 -33.0
64.9 76.9 -33.0
64.9 86.9 -33.0
64.9 96.9 -33.0
74.9 76.9 -33.0
74.9 86.9 -33.0
74.9 96.9 -33.0
52.5 74.6 38.5
52.5 84.6 38.5
52.5 94.6 38.5
62.5 74.6 38.5
62.5 84.6 38.5
62.5 94.6 38.5
72.5 74.6 38.5
72.5 84.6 38.5
72.5 94.6 38.5
57.7 74.8 117.2
57.7 84.8 117.2
57.7 94.8 117.2
67.7 74.8 117.2
67.7 84.8 117.2
67.7 94.8 117.2
77.7 74.8 117.2
77.7 84.8 117.2
77.7 94.8 117.2
51.5 175.1 -179.8
51.5 -174.9 -179.8
51.5 -164.9 -179.8
61.5 175.1 -179.8
61.5 -174.9 -179.8
61.5 -164.9 -179.8
71.5 175.1 -179.8
71.5 -174.9 -179.8
71.5 -164.9 -179.8
54.0 172.4 -79.1
54.0 -177.6 -79.1
54.0 -167.6 -79.1
64.0 172.4 -79.1
64.0 -177.6 -79.1
64.0 -167.6 -79.1
74.0 172.4 -79.1
74.0 -177.6 -79.1
74.0 -167.6 -79.1
55.1 172.5 -4.1
55.1 -177.5 -4.1
55.1 -167.5 -4.1
65.1 172.5 -4.1
65.1 -177.5 -4.1
65.1 -167.5 -4.1
75.1 172.5 -4.1
75.1 -177.5 -4.1
75.1 -167.5 -4.1
55.4 172.9 79.5
55.4 -177.1 79.5
55.4 -167.1 79.5
65.4 172.9 79.5
65.4 -177.1 79.5
65.4 -167.1 79.5
75.4 172.9 79.5
75.4 -177.1 79.5
75.4 -167.1 79.5
54.1 -92.4 -111.9
54.1 -82.4 -111.9
54.1 -72.4 -111.9
64.1 -92.4 -111.9
64.1 -82.4 -111.9
64.1 -72.4 -111.9
74.1 -92.4 -111.9
74.1 -82.4 -111.9
74.1 -72.4 -111.9
56.3 -86.0 -34.4
56.3 -76.0 -34.4
56.3 -66.0 -34.4
66.3 -86.0 -34.4
66.3 -76.0 -34.4
66.3 -66.0 -34.4
76.3 -86.0 -34.4
76.3 -76.0 -34.4
76.3 -66.0 -34.4
54.8 -99.6 38.2
54.8 -89.6 38.2
54.8 -79.6 38.2
64.8 -99.6 38.2
64.8 -89.6 38.2
64.8 -79.6 38.2
74.8 -99.6 38.2
74.8 -89.6 38.2
74.8 -79.6 38.2
47.6 -89.7 123.9
47.6 -79.7 123.9
47.6 -69.7 123.9
57.6 -89.7 123.9
57.6 -79.7 123.9
57.6 -69.7 123.9
67.6 -89.7 123.9
67.6 -79.7 123.9
67.6 -69.7 123.9
176.0 50.6 -124.1
176.0 60.6 -124.1
176.0 70.6 -124.1
-174.0 50.6 -124.1
-174.0 60.6 -124.1
-174.0 70.6 -124.1
-164.0 50.6 -124.1
-164.0 60.6 -124.1
-164.0 70.6 -124.1
174.6 64.1 -37.5
174.6 74.1 -37.5
174.6 84.1 -37.5
-175.4 64.1 -37.5
-175.4 74.1 -37.5
-175.4 84.1 -37.5
-165.4 64.1 -37.5
-165.4 74.1 -37.5
-165.4 84.1 -37.5
173.9 55.7 44.6
173.9 65.7 44.6
173.9 75.7 44.6
-176.1 55.7 44.6
-176.1 65.7 44.6
-176.1 75.7 44.6
-166.1 55.7 44.6
-166.1 65.7 44.6
-166.1 75.7 44.6
171.9 60.4 109.0
171.9 70.4 109.0
171.9 80.4 109.0
-178.1 60.4 109.0
-178.1 70.4 109.0
-178.1 80.4 109.0
-168.1 60.4 109.0
-168.1 70.4 109.0
-168.1 80.4 109.0
174.5 168.6 -179.1
174.5 178.6 -179.1
174.5 -171.4 -179.1
-175.5 168.6 -179.1
-175.5 178.6 -179.1
-175.5 -171.4 -179.1
-165.5 168.6 -179.1
-165.5 178.6 -179.1
-165.5 -171.4 -179.1
172.0 166.1 -77.6
172.0 176.1 -77.6
172.0 -173.9 -77.6
-178.0 166.1 -77.6
-178.0 176.1 -77.6
-178.0 -173.9 -77.6
-168.0 166.1 -77.6
-168.0 176.1 -77.6
-168.0 -173.9 -77.6
173.0 167.3 1.0
173.0 177.3 1.0
173.0 -172.7 1.0
-177.0 167.3 1.0
-177.0 177.3 1.0
-177.0 -172.7 1.0
-167.0 167.3 1.0
-167.0 177.3 1.0
-167.0 -172.7 1.0
173.4 170.6 74.8
173.4 -179.4 74.8
173.4 -169.4 74.8
-176.6 170.6 74.8
-176.6 -179.4 74.8
-176.6 -169.4 74.8
-166.6 170.6 74.8
-166.6 -179.4 74.8
-166.6 -169.4 74.8
-175.2 -87.7 -112.0
-175.2 -77.7 -112.0
-175.2 -67.7 -112.0
-165.2 -87.7 -112.0
-165.2 -77.7 -112.0
-165.2 -67.7 -112.0
-155.2 -87.7 -112.0
-155.2 -77.7 -112.0
-155.2 -67.7 -112.0
-179.4 -91.4 -34.9
-179.4 -81.4 -34.9
-179.4 -71.4 -34.9
-169.4 -91.4 -34.9
-169.4 -81.4 -34.9
-169.4 -71.4 -34.9
-159.4 -91.4 -34.9
-159.4 -81.4 -34.9
-159.4 -71.4 -34.9
-175.7 -93.7 46.1
-175.7 -83.7 46.1
-175.7 -73.7 46.1
-165.7 -93.7 46.1
-165.7 -83.7 46.1
-165.7 -73.7 46.1
-155.7 -93.7 46.1
-155.7 -83.7 46.1
-155.7 -73.7 46.1
179.4 -85.8 125.3
179.4 -75.8 125.3
179.4 -65.8 125.3
-170.6 -85.8 125.3
-170.6 -75.8 125.3
-170.6 -65.8 125.3
-160.6 -85.8 125.3
-160.6 -75.8 125.3
-160.6 -65.8 125.3
-80.8 63.4 -123.8
-80.8 73.4 -123.8
-80.8 83.4 -123.8
-70.8 63.4 -123.8
-70.8 73.4 -123.8
-70.8 83.4 -123.8
-60.8 63.4 -123.8
-60.8 73.4 -123.8
-60.8 83.4 -123.8
-74.6 76.7 -35.4
-74.6 86.7 -35.4
-74.6 96.7 -35.4
-64.6 76.7 -35.4
-64.6 86.7 -35.4
-64.6 96.7 -35.4
-54.6 76.7 -35.4
-54.6 86.7 -35.4
-54.6 96.7 -35.4
-78.4 64.8 37.4
-78.4 74.8 37.4
-78.4 84.8 37.4
-68.4 64.8 37.4
-68.4 74.8 37.4
-68.4 84.8 37.4
-58.4 64.8 37.4
-58.4 74.8 37.4
-58.4 84.8 37.4
-82.0 73.7 110.1
-82.0 83.7 110.1
-82.0 93.7 110.1
-72.0 73.7 110.1
-72.0 83.7 110.1
-72.0 93.7 110.1
-62.0 73.7 110.1
-62.0 83.7 110.1
-62.0 93.7 110.1
-76.9 169.0 -177.9
-76.9 179.0 -177.9
-76.9 -171.0 -177.9
-66.9 169.0 -177.9
-66.9 179.0 -177.9
-66.9 -171.0 -177.9
-56.9 169.0 -177.9
-56.9 179.0 -177.9
-56.9 -171.0 -177.9
-76.8 170.3 -76.8
-76.8 -179.7 -76.8
-76.8 -169.7 -76.8
-66.8 170.3 -76.8
-66.8 -179.7 -76.8
-66.8 -169.7 -76.8
-56.8 170.3 -76.8
-56.8 -179.7 -76.8
-56.8 -169.7 -76.8
-77.5 167.6 -1.1
-77.5 177.6 -1.1
-77.5 -172.4 -1.1
-67.5 167.6 -1.1
-67.5 177.6 -1.1
-67.5 -172.4 -1.1
-57.5 167.6 -1.1
-57.5 177.6 -1.1
-57.5 -172.4 -1.1
-75.8 171.1 75.3
-75.8 -178.9 75.3
-75.8 -168.9 75.3
-65.8 171.1 75.3
-65.8 -178.9 75.3
-65.8 -168.9 75.3
-55.8 171.1 75.3
-55.8 -178.9 75.3
-55.8 -168.9 75.3
-76.1 -92.1 -111.8
-76.1 -82.1 -111.8
-76.1 -72.1 -111.8
-66.1 -92.1 -111.8
-66.1 -82.1 -111.8
-66.1 -72.1 -111.8
-56.1 -92.1 -111.8
-56.1 -82.1 -111.8
-56.1 -72.1 -111.8
-73.4 -73.2 -46.3
-73.4 -63.2 -46.3
-73.4 -53.2 -46.3
-63.4 -73.2 -46.3
-63.4 -63.2 -46.3
-63.4 -53.2 -46.3
-53.4 -73.2 -46.3
-53.4 -63.2 -46.3
-53.4 -53.2 -46.3
-77.0 -86.5 44.4
-77.0 -76.5 44.4
-77.0 -66.5 44.4
-67.0 -86.5 44.4
-67.0 -76.5 44.4
-67.0 -66.5 44.4
-57.0 -86.5 44.4
-57.0 -76.5 44.4
-57.0 -66.5 44.4
-78.5 -71.2 119.9
-78.5 -61.2 119.9
-78.5 -51.2 119.9
-68.5 -71.2 119.9
-68.5 -61.2 119.9
-68.5 -51.2 119.9
-58.5 -71.2 119.9
-58.5 -61.2 119.9
-58.5 -51.2 119.9
GLU 3 243
N CA CB CG
CA CB CG CD
CB CG CD OE1
44.3 73.1 49.0
44.3 83.1 49.0
44.3 93.1 49.0
54.3 73.1 49.0
54.3 83.1 49.0
54.3 93.1 49.0
64.3 73.1 49.0
64.3 83.1 49.0
64.3 93.1 49.0
44.5 78.3 6.4
44.5 88.3 6.4
44.5 98.3 6.4
54.5 78.3 6.4
54.5 88.3 6.4
54.5 98.3 6.4
64.5 78.3 6.4
64.5 88.3 6.4
64.5 98.3 6.4
40.8 68.6 -61.4
40.8 78.6 -61.4
40.8 88.6 -61.4
50.8 68.6 -61.4
50.8 78.6 -61.4
50.8 88.6 -61.4
60.8 68.6 -61.4
60.8 78.6 -61.4
60.8 88.6 -61.4
54.2 171.6 58.7
54.2 -178.4 58.7
54.2 -168.4 58.7
64.2 171.6 58.7
64.2 -178.4 58.7
64.2 -168.4 58.7
74.2 171.6 58.7
74.2 -178.4 58.7
74.2 -168.4 58.7
54.6 172.6 1.7
54.6 -177.4 1.7
54.6 -167.4 1.7
64.6 172.6 1.7
64.6 -177.4 1.7
64.6 -167.4 1.7
74.6 172.6 1.7
74.6 -177.4 1.7
74.6 -167.4 1.7
55.3 173.4 -58.5
55.3 -176.6 -58.5
55.3 -166.6 -58.5
65.3 173.4 -58.5
65.3 -176.6 -58.5
65.3 -166.6 -58.5
75.3 173.4 -58.5
75.3 -176.6 -58.5
75.3 -166.6 -58.5
48.6 -103.4 51.0
48.6 -93.4 51.0
48.6 -83.4 51.0
58.6 -103.4 51.0
58.6 -93.4 51.0
58.6 -83.4 51.0
68.6 -103.4 51.0
68.6 -93.4 51.0
68.6 -83.4 51.0
58.3 -91.5 2.6
58.3 -81.5 2.6
58.3 -71.5 2.6
68.3 -91.5 2.6
68.3 -81.5 2.6
68.3 -71.5 2.6
78.3 -91.5 2.6
78.3 -81.5 2.6
78.3 -71.5 2.6
55.1 -84.4 -51.1
55.1 -74.4 -51.1
55.1 -64.4 -51.1
65.1 -84.4 -51.1
65.1 -74.4 -51.1
65.1 -64.4 -51.1
75.1 -84.4 -51.1
75.1 -74.4 -51.1
75.1 -64.4 -51.1
177.2 52.1 52.1
177.2 62.1 52.1
177.2 72.1 52.1
-172.8 52.1 52.1
-172.8 62.1 52.1
-172.8 72.1 52.1
-162.8 52.1 52.1
-162.8 62.1 52.1
-162.8 72.1 52.1
171.6 57.8 9.7
171.6 67.8 9.7
171.6 77.8 9.7
-178.4 57.8 9.7
-178.4 67.8 9.7
-178.4 77.8 9.7
-168.4 57.8 9.7
-168.4 67.8 9.7
-168.4 77.8 9.7
175.8 62.2 -65.1
175.8 72.2 -65.1
175.8 82.2 -65.1
-174.2 62.2 -65.1
-174.2 72.2 -65.1
-174.2 82.2 -65.1
-164.2 62.2 -65.1
-164.2 72.2 -65.1
-164.2 82.2 -65.1
172.4 165.8 57.3
172.4 175.8 57.3
172.4 -174.2 57.3
-177.6 165.8 57.3
-177.6 175.8 57.3
-177.6 -174.2 57.3
-167.6 165.8 57.3
-167.6 175.8 57.3
-167.6 -174.2 57.3
172.7 167.9 -0.2
172.7 177.9 -0.2
172.7 -172.1 -0.2
-177.3 167.9 -0.2
-177.3 177.9 -0.2
-177.3 -172.1 -0.2
-167.3 167.9 -0.2
-167.3 177.9 -0.2
-167.3 -172.1 -0.2
174.8 169.2 -57.4
174.8 179.2 -57.4
174.8 -170.8 -57.4
-175.2 169.2 -57.4
-175.2 179.2 -57.4
-175.2 -170.8 -57.4
-165.2 169.2 -57.4
-165.2 179.2 -57.4
-165.2 -170.8 -57.4
-165.8 -86.6 63.4
-165.8 -76.6 63.4
-165.8 -66.6 63.4
-155.8 -86.6 63.4
-155.8 -76.6 63.4
-155.8 -66.6 63.4
-145.8 -86.6 63.4
-145.8 -76.6 63.4
-145.8 -66.6 63.4
-179.0 -96.3 -14.5
-179.0 -86.3 -14.5
-179.0 -76.3 -14.5
-169.0 -96.3 -14.5
-169.0 -86.3 -14.5
-169.0 -76.3 -14.5
-159.0 -96.3 -14.5
-159.0 -86.3 -14.5
-159.0 -76.3 -14.5
-176.0 -90.1 -49.5
-176.0 -80.1 -49.5
-176.0 -70.1 -49.5
-166.0 -90.1 -49.5
-166.0 -80.1 -49.5
-166.0 -70.1 -49.5
-156.0 -90.1 -49.5
-156.0 -80.1 -49.5
-156.0 -70.1 -49.5
-76.3 61.1 52.3
-76.3 71.1 52.3
-76.3 81.1 52.3
-66.3 61.1 52.3
-66.3 71.1 52.3
-66.3 81.1 52.3
-56.3 61.1 52.3
-56.3 71.1 52.3
-56.3 81.1 52.3
-76.2 72.2 1.9
-76.2 82.2 1.9
-76.2 92.2 1.9
-66.2 72.2 1.9
-66.2 82.2 1.9
-66.2 92.2 1.9
-56.2 72.2 1.9
-56.2 82.2 1.9
-56.2 92.2 1.9
-76.8 81.0 -54.1
-76.8 91.0 -54.1
-76.8 101.0 -54.1
-66.8 81.0 -54.1
-66.8 91.0 -54.1
-66.8 101.0 -54.1
-56.8 81.0 -54.1
-56.8 91.0 -54.1
-56.8 101.0 -54.1
-78.3 169.3 56.0
-78.3 179.3 56.0
-78.3 -170.7 56.0
-68.3 169.3 56.0
-68.3 179.3 56.0
-68.3 -170.7 56.0
-58.3 169.3 56.0
-58.3 179.3 56.0
-58.3 -170.7 56.0
-77.7 167.8 -2.2
-77.7 177.8 -2.2
-77.7 -172.2 -2.2
-67.7 167.8 -2.2
-67.7 177.8 -2.2
-67.7 -172.2 -2.2
-57.7 167.8 -2.2
-57.7 177.8 -2.2
-57.7 -172.2 -2.2
-75.3 171.8 -54.7
-75.3 -178.2 -54.7
-75.3 -168.2 -54.7
-65.3 171.8 -54.7
-65.3 -178.2 -54.7
-65.3 -168.2 -54.7
-55.3 171.8 -54.7
-55.3 -178.2 -54.7
-55.3 -168.2 -54.7
-74.1 -89.0 64.0
-74.1 -79.0 64.0
-74.1 -69.0 64.0
-64.1 -89.0 64.0
-64.1 -79.0 64.0
-64.1 -69.0 64.0
-54.1 -89.0 64.0
-54.1 -79.0 64.0
-54.1 -69.0 64.0
-74.2 -81.2 -9.8
-74.2 -71.2 -9.8
-74.2 -61.2 -9.8
-64.2 -81.2 -9.8
-64.2 -71.2 -9.8
-64.2 -61.2 -9.8
-54.2 -81.2 -9.8
-54.2 -71.2 -9.8
-54.2 -61.2 -9.8
-77.7 -70.7 -52.4
-77.7 -60.7 -52.4
-77.7 -50.7 -52.4
-67.7 -70.7 -52.4
-67.7 -60.7 -52.4
-67.7 -50.7 -52.4
-57.7 -70.7 -52.4
-57.7 -60.7 -52.4
-57.7 -50.7 -52.4
GLY 0 0
HID 2 108
N CA CB CG
CA CB CG ND1
53.0 75.6
53.0 85.6
53.0 95.6
63.0 75.6
63.0 85.6
63.0 95.6
73.0 75.6
73.0 85.6
73.0 95.6
54.8 156.2
54.8 166.2
54.8 176.2
64.8 156.2
64.8 166.2
64.8 176.2
74.8 156.2
74.8 166.2
74.8 176.2
55.4 -89.5
55.4 -79.5
55.4 -69.5
65.4 -89.5
65.4 -79.5
65.4 -69.5
75.4 -89.5
75.4 -79.5
75.4 -69.5
54.8 -23.8
54.8 -13.8
54.8 -3.8
64.8 -23.8
64.8 -13.8
64.8 -3.8
74.8 -23.8
74.8 -13.8
74.8 -3.8
171.6 61.5
171.6 71.5
171.6 81.5
-178.4 61.5
-178.4 71.5
-178.4 81.5
-168.4 61.5
-168.4 71.5
-168.4 81.5
177.2 179.7
177.2 -170.3
177.2 -160.3
-172.8 179.7
-172.8 -170.3
-172.8 -160.3
-162.8 179.7
-162.8 -170.3
-162.8 -160.3
177.4 -93.8
177.4 -83.8
177.4 -73.8
-172.6 -93.8
-172.6 -83.8
-172.6 -73.8
-162.6 -93.8
-162.6 -83.8
-162.6 -73.8
177.2 -0.3
177.2 9.7
177.2 19.7
-172.8 -0.3
-172.8 9.7
-172.8 19.7
-162.8 -0.3
-162.8 9.7
-162.8 19.7
-76.0 75.6
-76.0 85.6
-76.0 95.6
-66.0 75.6
-66.0 85.6
-66.0 95.6
-56.0 75.6
-56.0 85.6
-56.0 95.6
-78.1 158.7
-78.1 168.7
-78.1 178.7
-68.1 158.7
-68.1 168.7
-68.1 178.7
-58.1 158.7
-58.1 168.7
-58.1 178.7
-73.7 -82.9
-73.7 -72.9
-73.7 -62.9
-63.7 -82.9
-63.7 -72.9
-63.7 -62.9
-53.7 -82.9
-53.7 -72.9
-53.7 -62.9
-78.1 -21.3
-78.1 -11.3
-78.1 -1.3
-68.1 -21.3
-68.1 -11.3
-68.1 -1.3
-58.1 -21.3
-58.1 -11.3
-58.1 -1.3
HIE 2 108
N CA CB CG
CA CB CG ND1
53.0 75.6
53.0 85.6
53.0 95.6
63.0 75.6
63.0 85.6
63.0 95.6
73.0 75.6
73.0 85.6
73.0 95.6
54.8 156.2
54.8 166.2
54.8 176.2
64.8 156.2
64.8 166.2
64.8 176.2
74.8 156.2
74.8 166.2
74.8 176.2
55.4 -89.5
55.4 -79.5
55.4 -69.5
65.4 -89.5
65.4 -79.5
65.4 -69.5
75.4 -89.5
75.4 -79.5
75.4 -69.5
54.8 -23.8
54.8 -13.8
54.8 -3.8
64.8 -23.8
64.8 -13.8
64.8 -3.8
74.8 -23.8
74.8 -13.8
74.8 -3.8
171.6 61.5
171.6 71.5
171.6 81.5
-178.4 61.5
-178.4 71.5
-178.4 81.5
-168.4 61.5
-168.4 71.5
-168.4 81.5
177.2 179.7
177.2 -170.3
177.2 -160.3
-172.8 179.7
-172.8 -170.3
-172.8 -160.3
-162.8 179.7
-162.8 -170.3
-162.8 -160.3
177.4 -93.8
177.4 -83.8
177.4 -73.8
-172.6 -93.8
-172.6 -83.8
-172.6 -73.8
-162.6 -93.8
-162.6 -83.8
-162.6 -73.8
177.2 -0.3
177.2 9.7
177.2 19.7
-172.8 -0.3
-172.8 9.7
-172.8 19.7
-162.8 -0.3
-162.8 9.7
-162.8 19.7
-76.0 75.6
-76.0 85.6
-76.0 95.6
-66.0 75.6
-66.0 85.6
-66.0 95.6
-56.0 75.6
-56.0 85.6
-56.0 95.6
-78.1 158.7
-78.1 168.7
-78.1 178.7
-68.1 158.7
-68.1 168.7
-68.1 178.7
-58.1 158.7
-58.1 168.7
-58.1 178.7
-73.7 -82.9
-73.7 -72.9
-73.7 -62.9
-63.7 -82.9
-63.7 -72.9
-63.7 -62.9
-53.7 -82.9
-53.7 -72.9
-53.7 -62.9
-78.1 -21.3
-78.1 -11.3
-78.1 -1.3
-68.1 -21.3
-68.1 -11.3
-68.1 -1.3
-58.1 -21.3
-58.1 -11.3
-58.1 -1.3
HIP 2 108
N CA CB CG
CA CB CG ND1
53.0 75.6
53.0 85.6
53.0 95.6
63.0 75.6
63.0 85.6
63.0 95.6
73.0 75.6
73.0 85.6
73.0 95.6
54.8 156.2
54.8 166.2
54.8 176.2
64.8 156.2
64.8 166.2
64.8 176.2
74.8 156.2
74.8 166.2
74.8 176.2
55.4 -89.5
55.4 -79.5
55.4 -69.5
65.4 -89.5
65.4 -79.5
65.4 -69.5
75.4 -89.5
75.4 -79.5
75.4 -69.5
54.8 -23.8
54.8 -13.8
54.8 -3.8
64.8 -23.8
64.8 -13.8
64.8 -3.8
74.8 -23.8
74.8 -13.8
74.8 -3.8
171.6 61.5
171.6 71.5
171.6 81.5
-178.4 61.5
-178.4 71.5
-178.4 81.5
-168.4 61.5
-168.4 71.5
-168.4 81.5
177.2 179.7
177.2 -170.3
177.2 -160.3
-172.8 179.7
-172.8 -170.3
-172.8 -160.3
-162.8 179.7
-162.8 -170.3
-162.8 -160.3
177.4 -93.8
177.4 -83.8
177.4 -73.8
-172.6 -93.8
-172.6 -83.8
-172.6 -73.8
-162.6 -93.8
-162.6 -83.8
-162.6 -73.8
177.2 -0.3
177.2 9.7
177.2 19.7
-172.8 -0.3
-172.8 9.7
-172.8 19.7
-162.8 -0.3
-162.8 9.7
-162.8 19.7
-76.0 75.6
-76.0 85.6
-76.0 95.6
-66.0 75.6
-66.0 85.6
-66.0 95.6
-56.0 75.6
-56.0 85.6
-56.0 95.6
-78.1 158.7
-78.1 168.7
-78.1 178.7
-68.1 158.7
-68.1 168.7
-68.1 178.7
-58.1 158.7
-58.1 168.7
-58.1 178.7
-73.7 -82.9
-73.7 -72.9
-73.7 -62.9
-63.7 -82.9
-63.7 -72.9
-63.7 -62.9
-53.7 -82.9
-53.7 -72.9
-53.7 -62.9
-78.1 -21.3
-78.1 -11.3
-78.1 -1.3
-68.1 -21.3
-68.1 -11.3
-68.1 -1.3
-58.1 -21.3
-58.1 -11.3
-58.1 -1.3
ILE 2 81
N CA CB CG1
CA CB CG1 CD1
50.6 75.4
50.6 85.4
50.6 95.4
60.6 75.4
60.6 85.4
60.6 95.4
70.6 75.4
70.6 85.4
70.6 95.4
51.1 161.0
51.1 171.0
51.1 -179.0
61.1 161.0
61.1 171.0
61.1 -179.0
71.1 161.0
71.1 171.0
71.1 -179.0
51.7 -90.0
51.7 -80.0
51.7 -70.0
61.7 -90.0
61.7 -80.0
61.7 -70.0
71.7 -90.0
71.7 -80.0
71.7 -70.0
-177.9 56.8
-177.9 66.8
-177.9 76.8
-167.9 56.8
-167.9 66.8
-167.9 76.8
-157.9 56.8
-157.9 66.8
-157.9 76.8
178.6 157.4
178.6 167.4
178.6 177.4
-171.4 157.4
-171.4 167.4
-171.4 177.4
-161.4 157.4
-161.4 167.4
-161.4 177.4
-175.5 -88.0
-175.5 -78.0
-175.5 -68.0
-165.5 -88.0
-165.5 -78.0
-165.5 -68.0
-155.5 -88.0
-155.5 -78.0
-155.5 -68.0
-77.1 73.0
-77.1 83.0
-77.1 93.0
-67.1 73.0
-67.1 83.0
-67.1 93.0
-57.1 73.0
-57.1 83.0
-57.1 93.0
-73.8 160.1
-73.8 170.1
-73.8 -179.9
-63.8 160.1
-63.8 170.1
-63.8 -179.9
-53.8 160.1
-53.8 170.1
-53.8 -179.9
-69.2 -71.0
-69.2 -61.0
-69.2 -51.0
-59.2 -71.0
-59.2 -61.0
-59.2 -51.0
-49.2 -71.0
-49.2 -61.0
-49.2 -51.0
LEU 2 81
N CA CB CG
CA CB CG CD1
48.7 70.7
48.7 80.7
48.7 90.7
58.7 70.7
58.7 80.7
58.7 90.7
68.7 70.7
68.7 80.7
68.7 90.7
61.8 154.6
61.8 164.6
61.8 174.6
71.8 154.6
71.8 164.6
71.8 174.6
81.8 154.6
81.8 164.6
81.8 174.6
48.2 -83.6
48.2 -73.6
48.2 -63.6
58.2 -83.6
58.2 -73.6
58.2 -63.6
68.2 -83.6
68.2 -73.6
68.2 -63.6
170.8 53.0
170.8 63.0
170.8 73.0
-179.2 53.0
-179.2 63.0
-179.2 73.0
-169.2 53.0
-169.2 63.0
-169.2 73.0
-174.9 160.7
-174.9 170.7
-174.9 -179.3
-164.9 160.7
-164.9 170.7
-164.9 -179.3
-154.9 160.7
-154.9 170.7
-154.9 -179.3
-179.8 -83.1
-179.8 -73.1
-179.8 -63.1
-169.8 -83.1
-169.8 -73.1
-169.8 -63.1
-159.8 -83.1
-159.8 -73.1
-159.8 -63.1
-96.1 44.6
-96.1 54.6
-96.1 64.6
-86.1 44.6
-86.1 54.6
-86.1 64.6
-76.1 44.6
-76.1 54.6
-76.1 64.6
-74.7 164.5
-74.7 174.5
-74.7 -175.5
-64.7 164.5
-64.7 174.5
-64.7 -175.5
-54.7 164.5
-54.7 174.5
-54.7 -175.5
-91.5 -65.0
-91.5 -55.0
-91.5 -45.0
-81.5 -65.0
-81.5 -55.0
-81.5 -45.0
-71.5 -65.0
-71.5 -55.0
-71.5 -45.0
LYS 5 729
N CA CB CG
CA CB CG CD
CB CG CD CE
CG CD CE NZ
CD CE NZ HZ1
56.8 66.3 66.4 71.1 179.92
56.8 76.3 66.4 71.1 179.92
56.8 86.3 66.4 71.1 179.92
66.8 66.3 66.4 71.1 179.92
66.8 76.3 66.4 71.1 179.92
66.8 86.3 66.4 71.1 179.92
76.8 66.3 66.4 71.1 179.92
76.8 76.3 66.4 71.1 179.92
76.8 86.3 66.4 71.1 179.92
59.9 66.7 66.8 175.9 179.92
59.9 76.7 66.8 175.9 179.92
59.9 86.7 66.8 175.9 179.92
69.9 66.7 66.8 175.9 179.92
69.9 76.7 66.8 175.9 179.92
69.9 86.7 66.8 175.9 179.92
79.9 66.7 66.8 175.9 179.92
79.9 76.7 66.8 175.9 179.92
79.9 86.7 66.8 175.9 179.92
47.5 64.0 85.8 -83.1 179.92
47.5 74.0 85.8 -83.1 179.92
47.5 84.0 85.8 -83.1 179.92
57.5 64.0 85.8 -83.1 179.92
57.5 74.0 85.8 -83.1 179.92
57.5 84.0 85.8 -83.1 179.92
67.5 64.0 85.8 -83.1 179.92
67.5 74.0 85.8 -83.1 179.92
67.5 84.0 85.8 -83.1 179.92
55.7 68.2 174.6 62.6 179.92
55.7 78.2 174.6 62.6 179.92
55.7 88.2 174.6 62.6 179.92
65.7 68.2 174.6 62.6 179.92
65.7 78.2 174.6 62.6 179.92
65.7 88.2 174.6 62.6 179.92
75.7 68.2 174.6 62.6 179.92
75.7 78.2 174.6 62.6 179.92
75.7 88.2 174.6 62.6 179.92
58.9 66.7 177.2 175.3 179.92
58.9 76.7 177.2 175.3 179.92
58.9 86.7 177.2 175.3 179.92
68.9 66.7 177.2 175.3 179.92
68.9 76.7 177.2 175.3 179.92
68.9 86.7 177.2 175.3 179.92
78.9 66.7 177.2 175.3 179.92
78.9 76.7 177.2 175.3 179.92
78.9 86.7 177.2 175.3 179.92
58.9 67.8 -177.5 -68.4 179.92
58.9 77.8 -177.5 -68.4 179.92
58.9 87.8 -177.5 -68.4 179.92
68.9 67.8 -177.5 -68.4 179.92
68.9 77.8 -177.5 -68.4 179.92
68.9 87.8 -177.5 -68.4 179.92
78.9 67.8 -177.5 -68.4 179.92
78.9 77.8 -177.5 -68.4 179.92
78.9 87.8 -177.5 -68.4 179.92
56.8 72.3 -86.0 74.7 179.92
56.8 82.3 -86.0 74.7 179.92
56.8 92.3 -86.0 74.7 179.92
66.8 72.3 -86.0 74.7 179.92
66.8 82.3 -86.0 74.7 179.92
66.8 92.3 -86.0 74.7 179.92
76.8 72.3 -86.0 74.7 179.92
76.8 82.3 -86.0 74.7 179.92
76.8 92.3 -86.0 74.7 179.92
59.5 75.2 -93.8 -177.2 179.92
59.5 85.2 -93.8 -177.2 179.92
59.5 95.2 -93.8 -177.2 179.92
69.5 75.2 -93.8 -177.2 179.92
69.5 85.2 -93.8 -177.2 179.92
69.5 95.2 -93.8 -177.2 179.92
79.5 75.2 -93.8 -177.2 179.92
79.5 85.2 -93.8 -177.2 179.92
79.5 95.2 -93.8 -177.2 179.92
56.8 72.3 -83.6 -67.0 179.92
56.8 82.3 -83.6 -67.0 179.92
56.8 92.3 -83.6 -67.0 179.92
66.8 72.3 -83.6 -67.0 179.92
66.8 82.3 -83.6 -67.0 179.92
66.8 92.3 -83.6 -67.0 179.92
76.8 72.3 -83.6 -67.0 179.92
76.8 82.3 -83.6 -67.0 179.92
76.8 92.3 -83.6 -67.0 179.92
55.8 165.6 68.3 68.9 179.92
55.8 175.6 68.3 68.9 179.92
55.8 -174.4 68.3 68.9 179.92
65.8 165.6 68.3 68.9 179.92
65.8 175.6 68.3 68.9 179.92
65.8 -174.4 68.3 68.9 179.92
75.8 165.6 68.3 68.9 179.92
75.8 175.6 68.3 68.9 179.92
75.8 -174.4 68.3 68.9 179.92
54.7 165.2 70.9 174.9 179.92
54.7 175.2 70.9 174.9 179.92
54.7 -174.8 70.9 174.9 179.92
64.7 165.2 70.9 174.9 179.92
64.7 175.2 70.9 174.9 179.92
64.7 -174.8 70.9 174.9 179.92
74.7 165.2 70.9 174.9 179.92
74.7 175.2 70.9 174.9 179.92
74.7 -174.8 70.9 174.9 179.92
58.4 170.7 87.4 -84.8 179.92
58.4 -179.3 87.4 -84.8 179.92
58.4 -169.3 87.4 -84.8 179.92
68.4 170.7 87.4 -84.8 179.92
68.4 -179.3 87.4 -84.8 179.92
68.4 -169.3 87.4 -84.8 179.92
78.4 170.7 87.4 -84.8 179.92
78.4 -179.3 87.4 -84.8 179.92
78.4 -169.3 87.4 -84.8 179.92
55.9 171.9 173.2 66.9 179.92
55.9 -178.1 173.2 66.9 179.92
55.9 -168.1 173.2 66.9 179.92
65.9 171.9 173.2 66.9 179.92
65.9 -178.1 173.2 66.9 179.92
65.9 -168.1 173.2 66.9 179.92
75.9 171.9 173.2 66.9 179.92
75.9 -178.1 173.2 66.9 179.92
75.9 -168.1 173.2 66.9 179.92
56.0 170.6 -179.5 179.9 179.92
56.0 -179.4 -179.5 179.9 179.92
56.0 -169.4 -179.5 179.9 179.92
66.0 170.6 -179.5 179.9 179.92
66.0 -179.4 -179.5 179.9 179.92
66.0 -169.4 -179.5 179.9 179.92
76.0 170.6 -179.5 179.9 179.92
76.0 -179.4 -179.5 179.9 179.92
76.0 -169.4 -179.5 179.9 179.92
55.6 171.9 -175.9 -68.7 179.92
55.6 -178.1 -175.9 -68.7 179.92
55.6 -168.1 -175.9 -68.7 179.92
65.6 171.9 -175.9 -68.7 179.92
65.6 -178.1 -175.9 -68.7 179.92
65.6 -168.1 -175.9 -68.7 179.92
75.6 171.9 -175.9 -68.7 179.92
75.6 -178.1 -175.9 -68.7 179.92
75.6 -168.1 -175.9 -68.7 179.92
57.2 174.8 -71.5 74.3 179.92
57.2 -175.2 -71.5 74.3 179.92
57.2 -165.2 -71.5 74.3 179.92
67.2 174.8 -71.5 74.3 179.92
67.2 -175.2 -71.5 74.3 179.92
67.2 -165.2 -71.5 74.3 179.92
77.2 174.8 -71.5 74.3 179.92
77.2 -175.2 -71.5 74.3 179.92
77.2 -165.2 -71.5 74.3 179.92
54.3 177.6 -68.2 -176.8 179.92
54.3 -172.4 -68.2 -176.8 179.92
54.3 -162.4 -68.2 -176.8 179.92
64.3 177.6 -68.2 -176.8 179.92
64.3 -172.4 -68.2 -176.8 179.92
64.3 -162.4 -68.2 -176.8 179.92
74.3 177.6 -68.2 -176.8 179.92
74.3 -172.4 -68.2 -176.8 179.92
74.3 -162.4 -68.2 -176.8 179.92
57.2 176.3 -70.3 -68.0 179.92
57.2 -173.7 -70.3 -68.0 179.92
57.2 -163.7 -70.3 -68.0 179.92
67.2 176.3 -70.3 -68.0 179.92
67.2 -173.7 -70.3 -68.0 179.92
67.2 -163.7 -70.3 -68.0 179.92
77.2 176.3 -70.3 -68.0 179.92
77.2 -173.7 -70.3 -68.0 179.92
77.2 -163.7 -70.3 -68.0 179.92
57.2 -93.2 80.8 69.9 179.92
57.2 -83.2 80.8 69.9 179.92
57.2 -73.2 80.8 69.9 179.92
67.2 -93.2 80.8 69.9 179.92
67.2 -83.2 80.8 69.9 179.92
67.2 -73.2 80.8 69.9 179.92
77.2 -93.2 80.8 69.9 179.92
77.2 -83.2 80.8 69.9 179.92
77.2 -73.2 80.8 69.9 179.92
54.1 -93.7 88.2 177.6 179.92
54.1 -83.7 88.2 177.6 179.92
54.1 -73.7 88.2 177.6 179.92
64.1 -93.7 88.2 177.6 179.92
64.1 -83.7 88.2 177.6 179.92
64.1 -73.7 88.2 177.6 179.92
74.1 -93.7 88.2 177.6 179.92
74.1 -83.7 88.2 177.6 179.92
74.1 -73.7 88.2 177.6 179.92
56.9 -91.3 88.3 -80.2 179.92
56.9 -81.3 88.3 -80.2 179.92
56.9 -71.3 88.3 -80.2 179.92
66.9 -91.3 88.3 -80.2 179.92
66.9 -81.3 88.3 -80.2 179.92
66.9 -71.3 88.3 -80.2 179.92
76.9 -91.3 88.3 -80.2 179.92
76.9 -81.3 88.3 -80.2 179.92
76.9 -71.3 88.3 -80.2 179.92
61.8 -89.7 -178.6 65.4 179.92
61.8 -79.7 -178.6 65.4 179.92
61.8 -69.7 -178.6 65.4 179.92
71.8 -89.7 -178.6 65.4 179.92
71.8 -79.7 -178.6 65.4 179.92
71.8 -69.7 -178.6 65.4 179.92
81.8 -89.7 -178.6 65.4 179.92
81.8 -79.7 -178.6 65.4 179.92
81.8 -69.7 -178.6 65.4 179.92
59.4 -90.1 -178.3 177.0 179.92
59.4 -80.1 -178.3 177.0 179.92
59.4 -70.1 -178.3 177.0 179.92
69.4 -90.1 -178.3 177.0 179.92
69.4 -80.1 -178.3 177.0 179.92
69.4 -70.1 -178.3 177.0 179.92
79.4 -90.1 -178.3 177.0 179.92
79.4 -80.1 -178.3 177.0 179.92
79.4 -70.1 -178.3 177.0 179.92
54.2 -91.9 174.4 -65.5 179.92
54.2 -81.9 174.4 -65.5 179.92
54.2 -71.9 174.4 -65.5 179.92
64.2 -91.9 174.4 -65.5 179.92
64.2 -81.9 174.4 -65.5 179.92
64.2 -71.9 174.4 -65.5 179.92
74.2 -91.9 174.4 -65.5 179.92
74.2 -81.9 174.4 -65.5 179.92
74.2 -71.9 174.4 -65.5 179.92
56.9 -86.7 -78.3 74.7 179.92
56.9 -76.7 -78.3 74.7 179.92
56.9 -66.7 -78.3 74.7 179.92
66.9 -86.7 -78.3 74.7 179.92
66.9 -76.7 -78.3 74.7 179.92
66.9 -66.7 -78.3 74.7 179.92
76.9 -86.7 -78.3 74.7 179.92
76.9 -76.7 -78.3 74.7 179.92
76.9 -66.7 -78.3 74.7 179.92
53.7 -87.8 -67.7 179.7 179.92
53.7 -77.8 -67.7 179.7 179.92
53.7 -67.8 -67.7 179.7 179.92
63.7 -87.8 -67.7 179.7 179.92
63.7 -77.8 -67.7 179.7 179.92
63.7 -67.8 -67.7 179.7 179.92
73.7 -87.8 -67.7 179.7 179.92
73.7 -77.8 -67.7 179.7 179.92
73.7 -67.8 -67.7 179.7 179.92
57.5 -87.5 -75.5 -67.1 179.92
57.5 -77.5 -75.5 -67.1 179.92
57.5 -67.5 -75.5 -67.1 179.92
67.5 -87.5 -75.5 -67.1 179.92
67.5 -77.5 -75.5 -67.1 179.92
67.5 -67.5 -75.5 -67.1 179.92
77.5 -87.5 -75.5 -67.1 179.92
77.5 -77.5 -75.5 -67.1 179.92
77.5 -67.5 -75.5 -67.1 179.92
171.3 58.1 65.3 66.2 179.92
171.3 68.1 65.3 66.2 179.92
171.3 78.1 65.3 66.2 179.92
-178.7 58.1 65.3 66.2 179.92
-178.7 68.1 65.3 66.2 179.92
-178.7 78.1 65.3 66.2 179.92
-168.7 58.1 65.3 66.2 179.92
-168.7 68.1 65.3 66.2 179.92
-168.7 78.1 65.3 66.2 179.92
177.1 55.9 71.0 179.7 179.92
177.1 65.9 71.0 179.7 179.92
177.1 75.9 71.0 179.7 179.92
-172.9 55.9 71.0 179.7 179.92
-172.9 65.9 71.0 179.7 179.92
-172.9 75.9 71.0 179.7 179.92
-162.9 55.9 71.0 179.7 179.92
-162.9 65.9 71.0 179.7 179.92
-162.9 75.9 71.0 179.7 179.92
170.9 58.7 81.0 -81.3 179.92
170.9 68.7 81.0 -81.3 179.92
170.9 78.7 81.0 -81.3 179.92
-179.1 58.7 81.0 -81.3 179.92
-179.1 68.7 81.0 -81.3 179.92
-179.1 78.7 81.0 -81.3 179.92
-169.1 58.7 81.0 -81.3 179.92
-169.1 68.7 81.0 -81.3 179.92
-169.1 78.7 81.0 -81.3 179.92
171.6 57.8 170.7 67.0 179.92
171.6 67.8 170.7 67.0 179.92
171.6 77.8 170.7 67.0 179.92
-178.4 57.8 170.7 67.0 179.92
-178.4 67.8 170.7 67.0 179.92
-178.4 77.8 170.7 67.0 179.92
-168.4 57.8 170.7 67.0 179.92
-168.4 67.8 170.7 67.0 179.92
-168.4 77.8 170.7 67.0 179.92
172.3 60.3 175.8 179.3 179.92
172.3 70.3 175.8 179.3 179.92
172.3 80.3 175.8 179.3 179.92
-177.7 60.3 175.8 179.3 179.92
-177.7 70.3 175.8 179.3 179.92
-177.7 80.3 175.8 179.3 179.92
-167.7 60.3 175.8 179.3 179.92
-167.7 70.3 175.8 179.3 179.92
-167.7 80.3 175.8 179.3 179.92
175.8 56.7 -178.3 -65.6 179.92
175.8 66.7 -178.3 -65.6 179.92
175.8 76.7 -178.3 -65.6 179.92
-174.2 56.7 -178.3 -65.6 179.92
-174.2 66.7 -178.3 -65.6 179.92
-174.2 76.7 -178.3 -65.6 179.92
-164.2 56.7 -178.3 -65.6 179.92
-164.2 66.7 -178.3 -65.6 179.92
-164.2 76.7 -178.3 -65.6 179.92
179.7 77.2 -90.8 76.8 179.92
179.7 87.2 -90.8 76.8 179.92
179.7 97.2 -90.8 76.8 179.92
-170.3 77.2 -90.8 76.8 179.92
-170.3 87.2 -90.8 76.8 179.92
-170.3 97.2 -90.8 76.8 179.92
-160.3 77.2 -90.8 76.8 179.92
-160.3 87.2 -90.8 76.8 179.92
-160.3 97.2 -90.8 76.8 179.92
177.4 78.2 -91.5 -177.5 179.92
177.4 88.2 -91.5 -177.5 179.92
177.4 98.2 -91.5 -177.5 179.92
-172.6 78.2 -91.5 -177.5 179.92
-172.6 88.2 -91.5 -177.5 179.92
-172.6 98.2 -91.5 -177.5 179.92
-162.6 78.2 -91.5 -177.5 179.92
-162.6 88.2 -91.5 -177.5 179.92
-162.6 98.2 -91.5 -177.5 179.92
176.2 76.5 -86.4 -69.3 179.92
176.2 86.5 -86.4 -69.3 179.92
176.2 96.5 -86.4 -69.3 179.92
-173.8 76.5 -86.4 -69.3 179.92
-173.8 86.5 -86.4 -69.3 179.92
-173.8 96.5 -86.4 -69.3 179.92
-163.8 76.5 -86.4 -69.3 179.92
-163.8 86.5 -86.4 -69.3 179.92
-163.8 96.5 -86.4 -69.3 179.92
175.7 164.4 72.8 70.5 179.92
175.7 174.4 72.8 70.5 179.92
175.7 -175.6 72.8 70.5 179.92
-174.3 164.4 72.8 70.5 179.92
-174.3 174.4 72.8 70.5 179.92
-174.3 -175.6 72.8 70.5 179.92
-164.3 164.4 72.8 70.5 179.92
-164.3 174.4 72.8 70.5 179.92
-164.3 -175.6 72.8 70.5 179.92
172.5 163.7 71.5 177.8 179.92
172.5 173.7 71.5 177.8 179.92
172.5 -176.3 71.5 177.8 179.92
-177.5 163.7 71.5 177.8 179.92
-177.5 173.7 71.5 177.8 179.92
-177.5 -176.3 71.5 177.8 179.92
-167.5 163.7 71.5 177.8 179.92
-167.5 173.7 71.5 177.8 179.92
-167.5 -176.3 71.5 177.8 179.92
177.8 158.9 87.1 -78.4 179.92
177.8 168.9 87.1 -78.4 179.92
177.8 178.9 87.1 -78.4 179.92
-172.2 158.9 87.1 -78.4 179.92
-172.2 168.9 87.1 -78.4 179.92
-172.2 178.9 87.1 -78.4 179.92
-162.2 158.9 87.1 -78.4 179.92
-162.2 168.9 87.1 -78.4 179.92
-162.2 178.9 87.1 -78.4 179.92
173.3 166.0 175.4 65.1 179.92
173.3 176.0 175.4 65.1 179.92
173.3 -174.0 175.4 65.1 179.92
-176.7 166.0 175.4 65.1 179.92
-176.7 176.0 175.4 65.1 179.92
-176.7 -174.0 175.4 65.1 179.92
-166.7 166.0 175.4 65.1 179.92
-166.7 176.0 175.4 65.1 179.92
-166.7 -174.0 175.4 65.1 179.92
172.8 167.1 179.5 179.9 179.92
172.8 177.1 179.5 179.9 179.92
172.8 -172.9 179.5 179.9 179.92
-177.2 167.1 179.5 179.9 179.92
-177.2 177.1 179.5 179.9 179.92
-177.2 -172.9 179.5 179.9 179.92
-167.2 167.1 179.5 179.9 179.92
-167.2 177.1 179.5 179.9 179.92
-167.2 -172.9 179.5 179.9 179.92
172.9 167.0 -176.6 -67.4 179.92
172.9 177.0 -176.6 -67.4 179.92
172.9 -173.0 -176.6 -67.4 179.92
-177.1 167.0 -176.6 -67.4 179.92
-177.1 177.0 -176.6 -67.4 179.92
-177.1 -173.0 -176.6 -67.4 179.92
-167.1 167.0 -176.6 -67.4 179.92
-167.1 177.0 -176.6 -67.4 179.92
-167.1 -173.0 -176.6 -67.4 179.92
169.6 172.0 -75.8 70.6 179.92
169.6 -178.0 -75.8 70.6 179.92
169.6 -168.0 -75.8 70.6 179.92
179.6 172.0 -75.8 70.6 179.92
179.6 -178.0 -75.8 70.6 179.92
179.6 -168.0 -75.8 70.6 179.92
-170.4 172.0 -75.8 70.6 179.92
-170.4 -178.0 -75.8 70.6 179.92
-170.4 -168.0 -75.8 70.6 179.92
175.0 172.7 -70.2 -176.8 179.92
175.0 -177.3 -70.2 -176.8 179.92
175.0 -167.3 -70.2 -176.8 179.92
-175.0 172.7 -70.2 -176.8 179.92
-175.0 -177.3 -70.2 -176.8 179.92
-175.0 -167.3 -70.2 -176.8 179.92
-165.0 172.7 -70.2 -176.8 179.92
-165.0 -177.3 -70.2 -176.8 179.92
-165.0 -167.3 -70.2 -176.8 179.92
174.6 171.3 -71.0 -65.1 179.92
174.6 -178.7 -71.0 -65.1 179.92
174.6 -168.7 -71.0 -65.1 179.92
-175.4 171.3 -71.0 -65.1 179.92
-175.4 -178.7 -71.0 -65.1 179.92
-175.4 -168.7 -71.0 -65.1 179.92
-165.4 171.3 -71.0 -65.1 179.92
-165.4 -178.7 -71.0 -65.1 179.92
-165.4 -168.7 -71.0 -65.1 179.92
-172.4 -91.9 82.2 74.2 179.92
-172.4 -81.9 82.2 74.2 179.92
-172.4 -71.9 82.2 74.2 179.92
-162.4 -91.9 82.2 74.2 179.92
-162.4 -81.9 82.2 74.2 179.92
-162.4 -71.9 82.2 74.2 179.92
-152.4 -91.9 82.2 74.2 179.92
-152.4 -81.9 82.2 74.2 179.92
-152.4 -71.9 82.2 74.2 179.92
-173.0 -93.1 95.7 -178.9 179.92
-173.0 -83.1 95.7 -178.9 179.92
-173.0 -73.1 95.7 -178.9 179.92
-163.0 -93.1 95.7 -178.9 179.92
-163.0 -83.1 95.7 -178.9 179.92
-163.0 -73.1 95.7 -178.9 179.92
-153.0 -93.1 95.7 -178.9 179.92
-153.0 -83.1 95.7 -178.9 179.92
-153.0 -73.1 95.7 -178.9 179.92
-174.5 -92.8 88.3 -80.2 179.92
-174.5 -82.8 88.3 -80.2 179.92
-174.5 -72.8 88.3 -80.2 179.92
-164.5 -92.8 88.3 -80.2 179.92
-164.5 -82.8 88.3 -80.2 179.92
-164.5 -72.8 88.3 -80.2 179.92
-154.5 -92.8 88.3 -80.2 179.92
-154.5 -82.8 88.3 -80.2 179.92
-154.5 -72.8 88.3 -80.2 179.92
-171.2 -87.8 -177.5 66.4 179.92
-171.2 -77.8 -177.5 66.4 179.92
-171.2 -67.8 -177.5 66.4 179.92
-161.2 -87.8 -177.5 66.4 179.92
-161.2 -77.8 -177.5 66.4 179.92
-161.2 -67.8 -177.5 66.4 179.92
-151.2 -87.8 -177.5 66.4 179.92
-151.2 -77.8 -177.5 66.4 179.92
-151.2 -67.8 -177.5 66.4 179.92
-175.2 -97.2 -177.2 -178.9 179.92
-175.2 -87.2 -177.2 -178.9 179.92
-175.2 -77.2 -177.2 -178.9 179.92
-165.2 -97.2 -177.2 -178.9 179.92
-165.2 -87.2 -177.2 -178.9 179.92
-165.2 -77.2 -177.2 -178.9 179.92
-155.2 -97.2 -177.2 -178.9 179.92
-155.2 -87.2 -177.2 -178.9 179.92
-155.2 -77.2 -177.2 -178.9 179.92
-176.1 -93.0 -177.8 -67.3 179.92
-176.1 -83.0 -177.8 -67.3 179.92
-176.1 -73.0 -177.8 -67.3 179.92
-166.1 -93.0 -177.8 -67.3 179.92
-166.1 -83.0 -177.8 -67.3 179.92
-166.1 -73.0 -177.8 -67.3 179.92
-156.1 -93.0 -177.8 -67.3 179.92
-156.1 -83.0 -177.8 -67.3 179.92
-156.1 -73.0 -177.8 -67.3 179.92
-170.1 -100.5 -80.9 68.3 179.92
-170.1 -90.5 -80.9 68.3 179.92
-170.1 -80.5 -80.9 68.3 179.92
-160.1 -100.5 -80.9 68.3 179.92
-160.1 -90.5 -80.9 68.3 179.92
-160.1 -80.5 -80.9 68.3 179.92
-150.1 -100.5 -80.9 68.3 179.92
-150.1 -90.5 -80.9 68.3 179.92
-150.1 -80.5 -80.9 68.3 179.92
-176.8 -106.6 -69.4 178.4 179.92
-176.8 -96.6 -69.4 178.4 179.92
-176.8 -86.6 -69.4 178.4 179.92
-166.8 -106.6 -69.4 178.4 179.92
-166.8 -96.6 -69.4 178.4 179.92
-166.8 -86.6 -69.4 178.4 179.92
-156.8 -106.6 -69.4 178.4 179.92
-156.8 -96.6 -69.4 178.4 179.92
-156.8 -86.6 -69.4 178.4 179.92
-178.0 -103.8 -76.0 -65.7 179.92
-178.0 -93.8 -76.0 -65.7 179.92
-178.0 -83.8 -76.0 -65.7 179.92
-168.0 -103.8 -76.0 -65.7 179.92
-168.0 -93.8 -76.0 -65.7 179.92
-168.0 -83.8 -76.0 -65.7 179.92
-158.0 -103.8 -76.0 -65.7 179.92
-158.0 -93.8 -76.0 -65.7 179.92
-158.0 -83.8 -76.0 -65.7 179.92
-98.0 71.2 68.0 69.3 179.92
-98.0 81.2 68.0 69.3 179.92
-98.0 91.2 68.0 69.3 179.92
-88.0 71.2 68.0 69.3 179.92
-88.0 81.2 68.0 69.3 179.92
-88.0 91.2 68.0 69.3 179.92
-78.0 71.2 68.0 69.3 179.92
-78.0 81.2 68.0 69.3 179.92
-78.0 91.2 68.0 69.3 179.92
-90.9 71.3 66.9 -179.6 179.92
-90.9 81.3 66.9 -179.6 179.92
-90.9 91.3 66.9 -179.6 179.92
-80.9 71.3 66.9 -179.6 179.92
-80.9 81.3 66.9 -179.6 179.92
-80.9 91.3 66.9 -179.6 179.92
-70.9 71.3 66.9 -179.6 179.92
-70.9 81.3 66.9 -179.6 179.92
-70.9 91.3 66.9 -179.6 179.92
-96.8 76.0 84.3 -83.2 179.92
-96.8 86.0 84.3 -83.2 179.92
-96.8 96.0 84.3 -83.2 179.92
-86.8 76.0 84.3 -83.2 179.92
-86.8 86.0 84.3 -83.2 179.92
-86.8 96.0 84.3 -83.2 179.92
-76.8 76.0 84.3 -83.2 179.92
-76.8 86.0 84.3 -83.2 179.92
-76.8 96.0 84.3 -83.2 179.92
-90.7 65.7 176.2 62.3 179.92
-90.7 75.7 176.2 62.3 179.92
-90.7 85.7 176.2 62.3 179.92
-80.7 65.7 176.2 62.3 179.92
-80.7 75.7 176.2 62.3 179.92
-80.7 85.7 176.2 62.3 179.92
-70.7 65.7 176.2 62.3 179.92
-70.7 75.7 176.2 62.3 179.92
-70.7 85.7 176.2 62.3 179.92
-91.0 64.0 -178.3 177.9 179.92
-91.0 74.0 -178.3 177.9 179.92
-91.0 84.0 -178.3 177.9 179.92
-81.0 64.0 -178.3 177.9 179.92
-81.0 74.0 -178.3 177.9 179.92
-81.0 84.0 -178.3 177.9 179.92
-71.0 64.0 -178.3 177.9 179.92
-71.0 74.0 -178.3 177.9 179.92
-71.0 84.0 -178.3 177.9 179.92
-97.6 64.5 178.0 -61.8 179.92
-97.6 74.5 178.0 -61.8 179.92
-97.6 84.5 178.0 -61.8 179.92
-87.6 64.5 178.0 -61.8 179.92
-87.6 74.5 178.0 -61.8 179.92
-87.6 84.5 178.0 -61.8 179.92
-77.6 64.5 178.0 -61.8 179.92
-77.6 74.5 178.0 -61.8 179.92
-77.6 84.5 178.0 -61.8 179.92
-96.6 73.2 -85.6 68.2 179.92
-96.6 83.2 -85.6 68.2 179.92
-96.6 93.2 -85.6 68.2 179.92
-86.6 73.2 -85.6 68.2 179.92
-86.6 83.2 -85.6 68.2 179.92
-86.6 93.2 -85.6 68.2 179.92
-76.6 73.2 -85.6 68.2 179.92
-76.6 83.2 -85.6 68.2 179.92
-76.6 93.2 -85.6 68.2 179.92
-92.6 61.2 -96.3 -172.0 179.92
-92.6 71.2 -96.3 -172.0 179.92
-92.6 81.2 -96.3 -172.0 179.92
-82.6 61.2 -96.3 -172.0 179.92
-82.6 71.2 -96.3 -172.0 179.92
-82.6 81.2 -96.3 -172.0 179.92
-72.6 61.2 -96.3 -172.0 179.92
-72.6 71.2 -96.3 -172.0 179.92
-72.6 81.2 -96.3 -172.0 179.92
-95.8 68.0 -86.1 -66.3 179.92
-95.8 78.0 -86.1 -66.3 179.92
-95.8 88.0 -86.1 -66.3 179.92
-85.8 68.0 -86.1 -66.3 179.92
-85.8 78.0 -86.1 -66.3 179.92
-85.8 88.0 -86.1 -66.3 179.92
-75.8 68.0 -86.1 -66.3 179.92
-75.8 78.0 -86.1 -66.3 179.92
-75.8 88.0 -86.1 -66.3 179.92
-80.1 168.9 73.0 72.3 179.92
-80.1 178.9 73.0 72.3 179.92
-80.1 -171.1 73.0 72.3 179.92
-70.1 168.9 73.0 72.3 179.92
-70.1 178.9 73.0 72.3 179.92
-70.1 -171.1 73.0 72.3 179.92
-60.1 168.9 73.0 72.3 179.92
-60.1 178.9 73.0 72.3 179.92
-60.1 -171.1 73.0 72.3 179.92
-78.5 166.2 69.4 177.3 179.92
-78.5 176.2 69.4 177.3 179.92
-78.5 -173.8 69.4 177.3 179.92
-68.5 166.2 69.4 177.3 179.92
-68.5 176.2 69.4 177.3 179.92
-68.5 -173.8 69.4 177.3 179.92
-58.5 166.2 69.4 177.3 179.92
-58.5 176.2 69.4 177.3 179.92
-58.5 -173.8 69.4 177.3 179.92
-80.3 164.9 84.2 -76.5 179.92
-80.3 174.9 84.2 -76.5 179.92
-80.3 -175.1 84.2 -76.5 179.92
-70.3 164.9 84.2 -76.5 179.92
-70.3 174.9 84.2 -76.5 179.92
-70.3 -175.1 84.2 -76.5 179.92
-60.3 164.9 84.2 -76.5 179.92
-60.3 174.9 84.2 -76.5 179.92
-60.3 -175.1 84.2 -76.5 179.92
-77.1 171.6 177.7 66.5 179.92
-77.1 -178.4 177.7 66.5 179.92
-77.1 -168.4 177.7 66.5 179.92
-67.1 171.6 177.7 66.5 179.92
-67.1 -178.4 177.7 66.5 179.92
-67.1 -168.4 177.7 66.5 179.92
-57.1 171.6 177.7 66.5 179.92
-57.1 -178.4 177.7 66.5 179.92
-57.1 -168.4 177.7 66.5 179.92
-77.1 170.6 -179.4 179.5 179.92
-77.1 -179.4 -179.4 179.5 179.92
-77.1 -169.4 -179.4 179.5 179.92
-67.1 170.6 -179.4 179.5 179.92
-67.1 -179.4 -179.4 179.5 179.92
-67.1 -169.4 -179.4 179.5 179.92
-57.1 170.6 -179.4 179.5 179.92
-57.1 -179.4 -179.4 179.5 179.92
-57.1 -169.4 -179.4 179.5 179.92
-76.8 172.0 -177.5 -65.9 179.92
-76.8 -178.0 -177.5 -65.9 179.92
-76.8 -168.0 -177.5 -65.9 179.92
-66.8 172.0 -177.5 -65.9 179.92
-66.8 -178.0 -177.5 -65.9 179.92
-66.8 -168.0 -177.5 -65.9 179.92
-56.8 172.0 -177.5 -65.9 179.92
-56.8 -178.0 -177.5 -65.9 179.92
-56.8 -168.0 -177.5 -65.9 179.92
-76.8 175.2 -76.5 78.2 179.92
-76.8 -174.8 -76.5 78.2 179.92
-76.8 -164.8 -76.5 78.2 179.92
-66.8 175.2 -76.5 78.2 179.92
-66.8 -174.8 -76.5 78.2 179.92
-66.8 -164.8 -76.5 78.2 179.92
-56.8 175.2 -76.5 78.2 179.92
-56.8 -174.8 -76.5 78.2 179.92
-56.8 -164.8 -76.5 78.2 179.92
-77.6 175.0 -72.6 -176.5 179.92
-77.6 -175.0 -72.6 -176.5 179.92
-77.6 -165.0 -72.6 -176.5 179.92
-67.6 175.0 -72.6 -176.5 179.92
-67.6 -175.0 -72.6 -176.5 179.92
-67.6 -165.0 -72.6 -176.5 179.92
-57.6 175.0 -72.6 -176.5 179.92
-57.6 -175.0 -72.6 -176.5 179.92
-57.6 -165.0 -72.6 -176.5 179.92
-75.1 175.2 -72.3 -65.7 179.92
-75.1 -174.8 -72.3 -65.7 179.92
-75.1 -164.8 -72.3 -65.7 179.92
-65.1 175.2 -72.3 -65.7 179.92
-65.1 -174.8 -72.3 -65.7 179.92
-65.1 -164.8 -72.3 -65.7 179.92
-55.1 175.2 -72.3 -65.7 179.92
-55.1 -174.8 -72.3 -65.7 179.92
-55.1 -164.8 -72.3 -65.7 179.92
-74.8 -85.8 85.4 76.5 179.92
-74.8 -75.8 85.4 76.5 179.92
-74.8 -65.8 85.4 76.5 179.92
-64.8 -85.8 85.4 76.5 179.92
-64.8 -75.8 85.4 76.5 179.92
-64.8 -65.8 85.4 76.5 179.92
-54.8 -85.8 85.4 76.5 179.92
-54.8 -75.8 85.4 76.5 179.92
-54.8 -65.8 85.4 76.5 179.92
-72.3 -86.6 91.0 -179.6 179.92
-72.3 -76.6 91.0 -179.6 179.92
-72.3 -66.6 91.0 -179.6 179.92
-62.3 -86.6 91.0 -179.6 179.92
-62.3 -76.6 91.0 -179.6 179.92
-62.3 -66.6 91.0 -179.6 179.92
-52.3 -86.6 91.0 -179.6 179.92
-52.3 -76.6 91.0 -179.6 179.92
-52.3 -66.6 91.0 -179.6 179.92
-72.3 -93.2 88.3 -84.3 179.92
-72.3 -83.2 88.3 -84.3 179.92
-72.3 -73.2 88.3 -84.3 179.92
-62.3 -93.2 88.3 -84.3 179.92
-62.3 -83.2 88.3 -84.3 179.92
-62.3 -73.2 88.3 -84.3 179.92
-52.3 -93.2 88.3 -84.3 179.92
-52.3 -83.2 88.3 -84.3 179.92
-52.3 -73.2 88.3 -84.3 179.92
-73.5 -77.5 -177.9 64.3 179.92
-73.5 -67.5 -177.9 64.3 179.92
-73.5 -57.5 -177.9 64.3 179.92
-63.5 -77.5 -177.9 64.3 179.92
-63.5 -67.5 -177.9 64.3 179.92
-63.5 -57.5 -177.9 64.3 179.92
-53.5 -77.5 -177.9 64.3 179.92
-53.5 -67.5 -177.9 64.3 179.92
-53.5 -57.5 -177.9 64.3 179.92
-72.2 -76.1 -177.3 -177.9 179.92
-72.2 -66.1 -177.3 -177.9 179.92
-72.2 -56.1 -177.3 -177.9 179.92
-62.2 -76.1 -177.3 -177.9 179.92
-62.2 -66.1 -177.3 -177.9 179.92
-62.2 -56.1 -177.3 -177.9 179.92
-52.2 -76.1 -177.3 -177.9 179.92
-52.2 -66.1 -177.3 -177.9 179.92
-52.2 -56.1 -177.3 -177.9 179.92
-70.1 -77.0 -174.3 -69.4 179.92
-70.1 -67.0 -174.3 -69.4 179.92
-70.1 -57.0 -174.3 -69.4 179.92
-60.1 -77.0 -174.3 -69.4 179.92
-60.1 -67.0 -174.3 -69.4 179.92
-60.1 -57.0 -174.3 -69.4 179.92
-50.1 -77.0 -174.3 -69.4 179.92
-50.1 -67.0 -174.3 -69.4 179.92
-50.1 -57.0 -174.3 -69.4 179.92
-75.2 -78.9 -76.9 78.3 179.92
-75.2 -68.9 -76.9 78.3 179.92
-75.2 -58.9 -76.9 78.3 179.92
-65.2 -78.9 -76.9 78.3 179.92
-65.2 -68.9 -76.9 78.3 179.92
-65.2 -58.9 -76.9 78.3 179.92
-55.2 -78.9 -76.9 78.3 179.92
-55.2 -68.9 -76.9 78.3 179.92
-55.2 -58.9 -76.9 78.3 179.92
-73.4 -76.5 -70.5 -179.8 179.92
-73.4 -66.5 -70.5 -179.8 179.92
-73.4 -56.5 -70.5 -179.8 179.92
-63.4 -76.5 -70.5 -179.8 179.92
-63.4 -66.5 -70.5 -179.8 179.92
-63.4 -56.5 -70.5 -179.8 179.92
-53.4 -76.5 -70.5 -179.8 179.92
-53.4 -66.5 -70.5 -179.8 179.92
-53.4 -56.5 -70.5 -179.8 179.92
-70.5 -78.5 -73.1 -72.7 179.92
-70.5 -68.5 -73.1 -72.7 179.92
-70.5 -58.5 -73.1 -72.7 179.92
-60.5 -78.5 -73.1 -72.7 179.92
-60.5 -68.5 -73.1 -72.7 179.92
-60.5 -58.5 -73.1 -72.7 179.92
-50.5 -78.5 -73.1 -72.7 179.92
-50.5 -68.5 -73.1 -72.7 179.92
-50.5 -58.5 -73.1 -72.7 179.92
MET 3 243
N CA CB CG
CA CB CG SD
CB CG SD CE
50.8 68.3 73.3
50.8 78.3 73.3
50.8 88.3 73.3
60.8 68.3 73.3
60.8 78.3 73.3
60.8 88.3 73.3
70.8 68.3 73.3
70.8 78.3 73.3
70.8 88.3 73.3
47.6 68.1 177.7
47.6 78.1 177.7
47.6 88.1 177.7
57.6 68.1 177.7
57.6 78.1 177.7
57.6 88.1 177.7
67.6 68.1 177.7
67.6 78.1 177.7
67.6 88.1 177.7
49.4 67.8 -97.4
49.4 77.8 -97.4
49.4 87.8 -97.4
59.4 67.8 -97.4
59.4 77.8 -97.4
59.4 87.8 -97.4
69.4 67.8 -97.4
69.4 77.8 -97.4
69.4 87.8 -97.4
54.4 171.7 76.1
54.4 -178.3 76.1
54.4 -168.3 76.1
64.4 171.7 76.1
64.4 -178.3 76.1
64.4 -168.3 76.1
74.4 171.7 76.1
74.4 -178.3 76.1
74.4 -168.3 76.1
54.9 174.0 -175.0
54.9 -176.0 -175.0
54.9 -166.0 -175.0
64.9 174.0 -175.0
64.9 -176.0 -175.0
64.9 -166.0 -175.0
74.9 174.0 -175.0
74.9 -176.0 -175.0
74.9 -166.0 -175.0
53.4 169.1 -71.8
53.4 179.1 -71.8
53.4 -170.9 -71.8
63.4 169.1 -71.8
63.4 179.1 -71.8
63.4 -170.9 -71.8
73.4 169.1 -71.8
73.4 179.1 -71.8
73.4 -170.9 -71.8
62.5 -80.1 99.6
62.5 -70.1 99.6
62.5 -60.1 99.6
72.5 -80.1 99.6
72.5 -70.1 99.6
72.5 -60.1 99.6
82.5 -80.1 99.6
82.5 -70.1 99.6
82.5 -60.1 99.6
62.2 -80.4 174.3
62.2 -70.4 174.3
62.2 -60.4 174.3
72.2 -80.4 174.3
72.2 -70.4 174.3
72.2 -60.4 174.3
82.2 -80.4 174.3
82.2 -70.4 174.3
82.2 -60.4 174.3
62.6 -82.0 -71.4
62.6 -72.0 -71.4
62.6 -62.0 -71.4
72.6 -82.0 -71.4
72.6 -72.0 -71.4
72.6 -62.0 -71.4
82.6 -82.0 -71.4
82.6 -72.0 -71.4
82.6 -62.0 -71.4
174.0 54.0 72.5
174.0 64.0 72.5
174.0 74.0 72.5
-176.0 54.0 72.5
-176.0 64.0 72.5
-176.0 74.0 72.5
-166.0 54.0 72.5
-166.0 64.0 72.5
-166.0 74.0 72.5
175.5 59.3 -166.1
175.5 69.3 -166.1
175.5 79.3 -166.1
-174.5 59.3 -166.1
-174.5 69.3 -166.1
-174.5 79.3 -166.1
-164.5 59.3 -166.1
-164.5 69.3 -166.1
-164.5 79.3 -166.1
177.6 66.6 -96.9
177.6 76.6 -96.9
177.6 86.6 -96.9
-172.4 66.6 -96.9
-172.4 76.6 -96.9
-172.4 86.6 -96.9
-162.4 66.6 -96.9
-162.4 76.6 -96.9
-162.4 86.6 -96.9
172.2 169.2 72.1
172.2 179.2 72.1
172.2 -170.8 72.1
-177.8 169.2 72.1
-177.8 179.2 72.1
-177.8 -170.8 72.1
-167.8 169.2 72.1
-167.8 179.2 72.1
-167.8 -170.8 72.1
172.6 164.6 177.3
172.6 174.6 177.3
172.6 -175.4 177.3
-177.4 164.6 177.3
-177.4 174.6 177.3
-177.4 -175.4 177.3
-167.4 164.6 177.3
-167.4 174.6 177.3
-167.4 -175.4 177.3
175.4 169.7 -71.6
175.4 179.7 -71.6
175.4 -170.3 -71.6
-174.6 169.7 -71.6
-174.6 179.7 -71.6
-174.6 -170.3 -71.6
-164.6 169.7 -71.6
-164.6 179.7 -71.6
-164.6 -170.3 -71.6
171.3 -83.7 99.6
171.3 -73.7 99.6
171.3 -63.7 99.6
-178.7 -83.7 99.6
-178.7 -73.7 99.6
-178.7 -63.7 99.6
-168.7 -83.7 99.6
-168.7 -73.7 99.6
-168.7 -63.7 99.6
171.8 -88.4 173.0
171.8 -78.4 173.0
171.8 -68.4 173.0
-178.2 -88.4 173.0
-178.2 -78.4 173.0
-178.2 -68.4 173.0
-168.2 -88.4 173.0
-168.2 -78.4 173.0
-168.2 -68.4 173.0
171.2 -92.3 -73.4
171.2 -82.3 -73.4
171.2 -72.3 -73.4
-178.8 -92.3 -73.4
-178.8 -82.3 -73.4
-178.8 -72.3 -73.4
-168.8 -92.3 -73.4
-168.8 -82.3 -73.4
-168.8 -72.3 -73.4
-88.6 57.3 73.0
-88.6 67.3 73.0
-88.6 77.3 73.0
-78.6 57.3 73.0
-78.6 67.3 73.0
-78.6 77.3 73.0
-68.6 57.3 73.0
-68.6 67.3 73.0
-68.6 77.3 73.0
-88.9 59.3 -175.6
-88.9 69.3 -175.6
-88.9 79.3 -175.6
-78.9 59.3 -175.6
-78.9 69.3 -175.6
-78.9 79.3 -175.6
-68.9 59.3 -175.6
-68.9 69.3 -175.6
-68.9 79.3 -175.6
-87.7 60.6 -98.9
-87.7 70.6 -98.9
-87.7 80.6 -98.9
-77.7 60.6 -98.9
-77.7 70.6 -98.9
-77.7 80.6 -98.9
-67.7 60.6 -98.9
-67.7 70.6 -98.9
-67.7 80.6 -98.9
-77.4 168.0 70.4
-77.4 178.0 70.4
-77.4 -172.0 70.4
-67.4 168.0 70.4
-67.4 178.0 70.4
-67.4 -172.0 70.4
-57.4 168.0 70.4
-57.4 178.0 70.4
-57.4 -172.0 70.4
-77.3 169.2 -177.6
-77.3 179.2 -177.6
-77.3 -170.8 -177.6
-67.3 169.2 -177.6
-67.3 179.2 -177.6
-67.3 -170.8 -177.6
-57.3 169.2 -177.6
-57.3 179.2 -177.6
-57.3 -170.8 -177.6
-77.7 173.7 -73.7
-77.7 -176.3 -73.7
-77.7 -166.3 -73.7
-67.7 173.7 -73.7
-67.7 -176.3 -73.7
-67.7 -166.3 -73.7
-57.7 173.7 -73.7
-57.7 -176.3 -73.7
-57.7 -166.3 -73.7
-75.8 -74.9 99.6
-75.8 -64.9 99.6
-75.8 -54.9 99.6
-65.8 -74.9 99.6
-65.8 -64.9 99.6
-65.8 -54.9 99.6
-55.8 -74.9 99.6
-55.8 -64.9 99.6
-55.8 -54.9 99.6
-72.7 -74.0 171.9
-72.7 -64.0 171.9
-72.7 -54.0 171.9
-62.7 -74.0 171.9
-62.7 -64.0 171.9
-62.7 -54.0 171.9
-52.7 -74.0 171.9
-52.7 -64.0 171.9
-52.7 -54.0 171.9
-75.8 -71.8 -69.4
-75.8 -61.8 -69.4
-75.8 -51.8 -69.4
-65.8 -71.8 -69.4
-65.8 -61.8 -69.4
-65.8 -51.8 -69.4
-55.8 -71.8 -69.4
-55.8 -61.8 -69.4
-55.8 -51.8 -69.4
PHE 2 54
N CA CB CG
CA CB CG CD1
53.0 80.4
53.0 -89.6
53.0 -79.6
63.0 80.4
63.0 -89.6
63.0 -79.6
73.0 80.4
73.0 -89.6
73.0 -79.6
52.0 -16.5
52.0 -6.5
52.0 3.5
62.0 -16.5
62.0 -6.5
62.0 3.5
72.0 -16.5
72.0 -6.5
72.0 3.5
171.2 68.1
171.2 78.1
171.2 88.1
-178.8 68.1
-178.8 78.1
-178.8 88.1
-168.8 68.1
-168.8 78.1
-168.8 88.1
175.8 11.2
175.8 21.2
175.8 31.2
-174.2 11.2
-174.2 21.2
-174.2 31.2
-164.2 11.2
-164.2 21.2
-164.2 31.2
-76.9 87.7
-76.9 -82.3
-76.9 -72.3
-66.9 87.7
-66.9 -82.3
-66.9 -72.3
-56.9 87.7
-56.9 -82.3
-56.9 -72.3
-78.2 -25.3
-78.2 -15.3
-78.2 -5.3
-68.2 -25.3
-68.2 -15.3
-68.2 -5.3
-58.2 -25.3
-58.2 -15.3
-58.2 -5.3
PRO 0 0
SER 2 108
N CA CB OG
CA CB OG HG
55.3 0.0
55.3 30.0
55.3 60.0
55.3 90.0
55.3 120.0
55.3 150.0
55.3 180.0
55.3 -150.0
55.3 -120.0
55.3 -90.0
55.3 -60.0
55.3 -30.0
65.3 0.0
65.3 30.0
65.3 60.0
65.3 90.0
65.3 120.0
65.3 150.0
65.3 180.0
65.3 -150.0
65.3 -120.0
65.3 -90.0
65.3 -60.0
65.3 -30.0
75.3 0.0
75.3 30.0
75.3 60.0
75.3 90.0
75.3 120.0
75.3 150.0
75.3 180.0
75.3 -150.0
75.3 -120.0
75.3 -90.0
75.3 -60.0
75.3 -30.0
169.0 0.0
169.0 30.0
169.0 60.0
169.0 90.0
169.0 120.0
169.0 150.0
169.0 180.0
169.0 -150.0
169.0 -120.0
169.0 -90.0
169.0 -60.0
169.0 -30.0
179.0 0.0
179.0 30.0
179.0 60.0
179.0 90.0
179.0 120.0
179.0 150.0
179.0 180.0
179.0 -150.0
179.0 -120.0
179.0 -90.0
179.0 -60.0
179.0 -30.0
-171.0 0.0
-171.0 30.0
-171.0 60.0
-171.0 90.0
-171.0 120.0
-171.0 150.0
-171.0 180.0
-171.0 -150.0
-171.0 -120.0
-171.0 -90.0
-171.0 -60.0
-171.0 -30.0
-73.9 0.0
-73.9 30.0
-73.9 60.0
-73.9 90.0
-73.9 120.0
-73.9 150.0
-73.9 180.0
-73.9 -150.0
-73.9 -120.0
-73.9 -90.0
-73.9 -60.0
-73.9 -30.0
-63.9 0.0
-63.9 30.0
-63.9 60.0
-63.9 90.0
-63.9 120.0
-63.9 150.0
-63.9 180.0
-63.9 -150.0
-63.9 -120.0
-63.9 -90.0
-63.9 -60.0
-63.9 -30.0
-53.9 0.0
-53.9 30.0
-53.9 60.0
-53.9 90.0
-53.9 120.0
-53.9 150.0
-53.9 180.0
-53.9 -150.0
-53.9 -120.0
-53.9 -90.0
-53.9 -60.0
-53.9 -30.0
THR 2 108
N CA CB OG1
CA CB OG1 HG1
51.1 0.0
51.1 30.0
51.1 60.0
51.1 90.0
51.1 120.0
51.1 150.0
51.1 180.0
51.1 -150.0
51.1 -120.0
51.1 -90.0
51.1 -60.0
51.1 -30.0
61.1 0.0
61.1 30.0
61.1 60.0
61.1 90.0
61.1 120.0
61.1 150.0
61.1 180.0
61.1 -150.0
61.1 -120.0
61.1 -90.0
61.1 -60.0
61.1 -30.0
71.1 0.0
71.1 30.0
71.1 60.0
71.1 90.0
71.1 120.0
71.1 150.0
71.1 180.0
71.1 -150.0
71.1 -120.0
71.1 -90.0
71.1 -60.0
71.1 -30.0
176.7 0.0
176.7 30.0
176.7 60.0
176.7 90.0
176.7 120.0
176.7 150.0
176.7 180.0
176.7 -150.0
176.7 -120.0
176.7 -90.0
176.7 -60.0
176.7 -30.0
-173.3 0.0
-173.3 30.0
-173.3 60.0
-173.3 90.0
-173.3 120.0
-173.3 150.0
-173.3 180.0
-173.3 -150.0
-173.3 -120.0
-173.3 -90.0
-173.3 -60.0
-173.3 -30.0
-163.3 0.0
-163.3 30.0
-163.3 60.0
-163.3 90.0
-163.3 120.0
-163.3 150.0
-163.3 180.0
-163.3 -150.0
-163.3 -120.0
-163.3 -90.0
-163.3 -60.0
-163.3 -30.0
-70.4 0.0
-70.4 30.0
-70.4 60.0
-70.4 90.0
-70.4 120.0
-70.4 150.0
-70.4 180.0
-70.4 -150.0
-70.4 -120.0
-70.4 -90.0
-70.4 -60.0
-70.4 -30.0
-60.4 0.0
-60.4 30.0
-60.4 60.0
-60.4 90.0
-60.4 120.0
-60.4 150.0
-60.4 180.0
-60.4 -150.0
-60.4 -120.0
-60.4 -90.0
-60.4 -60.0
-60.4 -30.0
-50.4 0.0
-50.4 30.0
-50.4 60.0
-50.4 90.0
-50.4 120.0
-50.4 150.0
-50.4 180.0
-50.4 -150.0
-50.4 -120.0
-50.4 -90.0
-50.4 -60.0
-50.4 -30.0
TRP 2 81
N CA CB CG
CA CB CG CD1
51.2 -99.9
51.2 -89.9
51.2 -79.9
61.2 -99.9
61.2 -89.9
61.2 -79.9
71.2 -99.9
71.2 -89.9
71.2 -79.9
56.0 -16.3
56.0 -6.3
56.0 3.7
66.0 -16.3
66.0 -6.3
66.0 3.7
76.0 -16.3
76.0 -6.3
76.0 3.7
51.5 79.2
51.5 89.2
51.5 99.2
61.5 79.2
61.5 89.2
61.5 99.2
71.5 79.2
71.5 89.2
71.5 99.2
172.7 -114.9
172.7 -104.9
172.7 -94.9
-177.3 -114.9
-177.3 -104.9
-177.3 -94.9
-167.3 -114.9
-167.3 -104.9
-167.3 -94.9
174.9 7.3
174.9 17.3
174.9 27.3
-175.1 7.3
-175.1 17.3
-175.1 27.3
-165.1 7.3
-165.1 17.3
-165.1 27.3
170.2 74.7
170.2 84.7
170.2 94.7
-179.8 74.7
-179.8 84.7
-179.8 94.7
-169.8 74.7
-169.8 84.7
-169.8 94.7
-80.1 -102.2
-80.1 -92.2
-80.1 -82.2
-70.1 -102.2
-70.1 -92.2
-70.1 -82.2
-60.1 -102.2
-60.1 -92.2
-60.1 -82.2
-78.6 -14.2
-78.6 -4.2
-78.6 5.8
-68.6 -14.2
-68.6 -4.2
-68.6 5.8
-58.6 -14.2
-58.6 -4.2
-58.6 5.8
-77.4 90.3
-77.4 100.3
-77.4 110.3
-67.4 90.3
-67.4 100.3
-67.4 110.3
-57.4 90.3
-57.4 100.3
-57.4 110.3
TYR 3 648
N CA CB CG
CA CB CG CD1
CE1 CZ OH HH
53.6 80.2 0.0
53.6 80.2 30.0
53.6 80.2 60.0
53.6 80.2 90.0
53.6 80.2 120.0
53.6 80.2 150.0
53.6 80.2 180.0
53.6 80.2 -150.0
53.6 80.2 -120.0
53.6 80.2 -90.0
53.6 80.2 -60.0
53.6 80.2 -30.0
53.6 -89.8 0.0
53.6 -89.8 30.0
53.6 -89.8 60.0
53.6 -89.8 90.0
53.6 -89.8 120.0
53.6 -89.8 150.0
53.6 -89.8 180.0
53.6 -89.8 -150.0
53.6 -89.8 -120.0
53.6 -89.8 -90.0
53.6 -89.8 -60.0
53.6 -89.8 -30.0
53.6 -79.8 0.0
53.6 -79.8 30.0
53.6 -79.8 60.0
53.6 -79.8 90.0
53.6 -79.8 120.0
53.6 -79.8 150.0
53.6 -79.8 180.0
53.6 -79.8 -150.0
53.6 -79.8 -120.0
53.6 -79.8 -90.0
53.6 -79.8 -60.0
53.6 -79.8 -30.0
63.6 80.2 0.0
63.6 80.2 30.0
63.6 80.2 60.0
63.6 80.2 90.0
63.6 80.2 120.0
63.6 80.2 150.0
63.6 80.2 180.0
63.6 80.2 -150.0
63.6 80.2 -120.0
63.6 80.2 -90.0
63.6 80.2 -60.0
63.6 80.2 -30.0
63.6 -89.8 0.0
63.6 -89.8 30.0
63.6 -89.8 60.0
63.6 -89.8 90.0
63.6 -89.8 120.0
63.6 -89.8 150.0
63.6 -89.8 180.0
63.6 -89.8 -150.0
63.6 -89.8 -120.0
63.6 -89.8 -90.0
63.6 -89.8 -60.0
63.6 -89.8 -30.0
63.6 -79.8 0.0
63.6 -79.8 30.0
63.6 -79.8 60.0
63.6 -79.8 90.0
63.6 -79.8 120.0
63.6 -79.8 150.0
63.6 -79.8 180.0
63.6 -79.8 -150.0
63.6 -79.8 -120.0
63.6 -79.8 -90.0
63.6 -79.8 -60.0
63.6 -79.8 -30.0
73.6 80.2 0.0
73.6 80.2 30.0
73.6 80.2 60.0
73.6 80.2 90.0
73.6 80.2 120.0
73.6 80.2 150.0
73.6 80.2 180.0
73.6 80.2 -150.0
73.6 80.2 -120.0
73.6 80.2 -90.0
73.6 80.2 -60.0
73.6 80.2 -30.0
73.6 -89.8 0.0
73.6 -89.8 30.0
73.6 -89.8 60.0
73.6 -89.8 90.0
73.6 -89.8 120.0
73.6 -89.8 150.0
73.6 -89.8 180.0
73.6 -89.8 -150.0
73.6 -89.8 -120.0
73.6 -89.8 -90.0
73.6 -89.8 -60.0
73.6 -89.8 -30.0
73.6 -79.8 0.0
73.6 -79.8 30.0
73.6 -79.8 60.0
73.6 -79.8 90.0
73.6 -79.8 120.0
73.6 -79.8 150.0
73.6 -79.8 180.0
73.6 -79.8 -150.0
73.6 -79.8 -120.0
73.6 -79.8 -90.0
73.6 -79.8 -60.0
73.6 -79.8 -30.0
59.7 -19.5 0.0
59.7 -19.5 30.0
59.7 -19.5 60.0
59.7 -19.5 90.0
59.7 -19.5 120.0
59.7 -19.5 150.0
59.7 -19.5 180.0
59.7 -19.5 -150.0
59.7 -19.5 -120.0
59.7 -19.5 -90.0
59.7 -19.5 -60.0
59.7 -19.5 -30.0
59.7 -9.5 0.0
59.7 -9.5 30.0
59.7 -9.5 60.0
59.7 -9.5 90.0
59.7 -9.5 120.0
59.7 -9.5 150.0
59.7 -9.5 180.0
59.7 -9.5 -150.0
59.7 -9.5 -120.0
59.7 -9.5 -90.0
59.7 -9.5 -60.0
59.7 -9.5 -30.0
59.7 0.5 0.0
59.7 0.5 30.0
59.7 0.5 60.0
59.7 0.5 90.0
59.7 0.5 120.0
59.7 0.5 150.0
59.7 0.5 180.0
59.7 0.5 -150.0
59.7 0.5 -120.0
59.7 0.5 -90.0
59.7 0.5 -60.0
59.7 0.5 -30.0
69.7 -19.5 0.0
69.7 -19.5 30.0
69.7 -19.5 60.0
69.7 -19.5 90.0
69.7 -19.5 120.0
69.7 -19.5 150.0
69.7 -19.5 180.0
69.7 -19.5 -150.0
69.7 -19.5 -120.0
69.7 -19.5 -90.0
69.7 -19.5 -60.0
69.7 -19.5 -30.0
69.7 -9.5 0.0
69.7 -9.5 30.0
69.7 -9.5 60.0
69.7 -9.5 90.0
69.7 -9.5 120.0
69.7 -9.5 150.0
69.7 -9.5 180.0
69.7 -9.5 -150.0
69.7 -9.5 -120.0
69.7 -9.5 -90.0
69.7 -9.5 -60.0
69.7 -9.5 -30.0
69.7 0.5 0.0
69.7 0.5 30.0
69.7 0.5 60.0
69.7 0.5 90.0
69.7 0.5 120.0
69.7 0.5 150.0
69.7 0.5 180.0
69.7 0.5 -150.0
69.7 0.5 -120.0
69.7 0.5 -90.0
69.7 0.5 -60.0
69.7 0.5 -30.0
79.7 -19.5 0.0
79.7 -19.5 30.0
79.7 -19.5 60.0
79.7 -19.5 90.0
79.7 -19.5 120.0
79.7 -19.5 150.0
79.7 -19.5 180.0
79.7 -19.5 -150.0
79.7 -19.5 -120.0
79.7 -19.5 -90.0
79.7 -19.5 -60.0
79.7 -19.5 -30.0
79.7 -9.5 0.0
79.7 -9.5 30.0
79.7 -9.5 60.0
79.7 -9.5 90.0
79.7 -9.5 120.0
79.7 -9.5 150.0
79.7 -9.5 180.0
79.7 -9.5 -150.0
79.7 -9.5 -120.0
79.7 -9.5 -90.0
79.7 -9.5 -60.0
79.7 -9.5 -30.0
79.7 0.5 0.0
79.7 0.5 30.0
79.7 0.5 60.0
79.7 0.5 90.0
79.7 0.5 120.0
79.7 0.5 150.0
79.7 0.5 180.0
79.7 0.5 -150.0
79.7 0.5 -120.0
79.7 0.5 -90.0
79.7 0.5 -60.0
79.7 0.5 -30.0
170.4 67.5 0.0
170.4 67.5 30.0
170.4 67.5 60.0
170.4 67.5 90.0
170.4 67.5 120.0
170.4 67.5 150.0
170.4 67.5 180.0
170.4 67.5 -150.0
170.4 67.5 -120.0
170.4 67.5 -90.0
170.4 67.5 -60.0
170.4 67.5 -30.0
170.4 77.5 0.0
170.4 77.5 30.0
170.4 77.5 60.0
170.4 77.5 90.0
170.4 77.5 120.0
170.4 77.5 150.0
170.4 77.5 180.0
170.4 77.5 -150.0
170.4 77.5 -120.0
170.4 77.5 -90.0
170.4 77.5 -60.0
170.4 77.5 -30.0
170.4 87.5 0.0
170.4 87.5 30.0
170.4 87.5 60.0
170.4 87.5 90.0
170.4 87.5 120.0
170.4 87.5 150.0
170.4 87.5 180.0
170.4 87.5 -150.0
170.4 87.5 -120.0
170.4 87.5 -90.0
170.4 87.5 -60.0
170.4 87.5 -30.0
-179.6 67.5 0.0
-179.6 67.5 30.0
-179.6 67.5 60.0
-179.6 67.5 90.0
-179.6 67.5 120.0
-179.6 67.5 150.0
-179.6 67.5 180.0
-179.6 67.5 -150.0
-179.6 67.5 -120.0
-179.6 67.5 -90.0
-179.6 67.5 -60.0
-179.6 67.5 -30.0
-179.6 77.5 0.0
-179.6 77.5 30.0
-179.6 77.5 60.0
-179.6 77.5 90.0
-179.6 77.5 120.0
-179.6 77.5 150.0
-179.6 77.5 180.0
-179.6 77.5 -150.0
-179.6 77.5 -120.0
-179.6 77.5 -90.0
-179.6 77.5 -60.0
-179.6 77.5 -30.0
-179.6 87.5 0.0
-179.6 87.5 30.0
-179.6 87.5 60.0
-179.6 87.5 90.0
-179.6 87.5 120.0
-179.6 87.5 150.0
-179.6 87.5 180.0
-179.6 87.5 -150.0
-179.6 87.5 -120.0
-179.6 87.5 -90.0
-179.6 87.5 -60.0
-179.6 87.5 -30.0
-169.6 67.5 0.0
-169.6 67.5 30.0
-169.6 67.5 60.0
-169.6 67.5 90.0
-169.6 67.5 120.0
-169.6 67.5 150.0
-169.6 67.5 180.0
-169.6 67.5 -150.0
-169.6 67.5 -120.0
-169.6 67.5 -90.0
-169.6 67.5 -60.0
-169.6 67.5 -30.0
-169.6 77.5 0.0
-169.6 77.5 30.0
-169.6 77.5 60.0
-169.6 77.5 90.0
-169.6 77.5 120.0
-169.6 77.5 150.0
-169.6 77.5 180.0
-169.6 77.5 -150.0
-169.6 77.5 -120.0
-169.6 77.5 -90.0
-169.6 77.5 -60.0
-169.6 77.5 -30.0
-169.6 87.5 0.0
-169.6 87.5 30.0
-169.6 87.5 60.0
-169.6 87.5 90.0
-169.6 87.5 120.0
-169.6 87.5 150.0
-169.6 87.5 180.0
-169.6 87.5 -150.0
-169.6 87.5 -120.0
-169.6 87.5 -90.0
-169.6 87.5 -60.0
-169.6 87.5 -30.0
175.8 11.0 0.0
175.8 11.0 30.0
175.8 11.0 60.0
175.8 11.0 90.0
175.8 11.0 120.0
175.8 11.0 150.0
175.8 11.0 180.0
175.8 11.0 -150.0
175.8 11.0 -120.0
175.8 11.0 -90.0
175.8 11.0 -60.0
175.8 11.0 -30.0
175.8 21.0 0.0
175.8 21.0 30.0
175.8 21.0 60.0
175.8 21.0 90.0
175.8 21.0 120.0
175.8 21.0 150.0
175.8 21.0 180.0
175.8 21.0 -150.0
175.8 21.0 -120.0
175.8 21.0 -90.0
175.8 21.0 -60.0
175.8 21.0 -30.0
175.8 31.0 0.0
175.8 31.0 30.0
175.8 31.0 60.0
175.8 31.0 90.0
175.8 31.0 120.0
175.8 31.0 150.0
175.8 31.0 180.0
175.8 31.0 -150.0
175.8 31.0 -120.0
175.8 31.0 -90.0
175.8 31.0 -60.0
175.8 31.0 -30.0
-174.2 11.0 0.0
-174.2 11.0 30.0
-174.2 11.0 60.0
-174.2 11.0 90.0
-174.2 11.0 120.0
-174.2 11.0 150.0
-174.2 11.0 180.0
-174.2 11.0 -150.0
-174.2 11.0 -120.0
-174.2 11.0 -90.0
-174.2 11.0 -60.0
-174.2 11.0 -30.0
-174.2 21.0 0.0
-174.2 21.0 30.0
-174.2 21.0 60.0
-174.2 21.0 90.0
-174.2 21.0 120.0
-174.2 21.0 150.0
-174.2 21.0 180.0
-174.2 21.0 -150.0
-174.2 21.0 -120.0
-174.2 21.0 -90.0
-174.2 21.0 -60.0
-174.2 21.0 -30.0
-174.2 31.0 0.0
-174.2 31.0 30.0
-174.2 31.0 60.0
-174.2 31.0 90.0
-174.2 31.0 120.0
-174.2 31.0 150.0
-174.2 31.0 180.0
-174.2 31.0 -150.0
-174.2 31.0 -120.0
-174.2 31.0 -90.0
-174.2 31.0 -60.0
-174.2 31.0 -30.0
-164.2 11.0 0.0
-164.2 11.0 30.0
-164.2 11.0 60.0
-164.2 11.0 90.0
-164.2 11.0 120.0
-164.2 11.0 150.0
-164.2 11.0 180.0
-164.2 11.0 -150.0
-164.2 11.0 -120.0
-164.2 11.0 -90.0
-164.2 11.0 -60.0
-164.2 11.0 -30.0
-164.2 21.0 0.0
-164.2 21.0 30.0
-164.2 21.0 60.0
-164.2 21.0 90.0
-164.2 21.0 120.0
-164.2 21.0 150.0
-164.2 21.0 180.0
-164.2 21.0 -150.0
-164.2 21.0 -120.0
-164.2 21.0 -90.0
-164.2 21.0 -60.0
-164.2 21.0 -30.0
-164.2 31.0 0.0
-164.2 31.0 30.0
-164.2 31.0 60.0
-164.2 31.0 90.0
-164.2 31.0 120.0
-164.2 31.0 150.0
-164.2 31.0 180.0
-164.2 31.0 -150.0
-164.2 31.0 -120.0
-164.2 31.0 -90.0
-164.2 31.0 -60.0
-164.2 31.0 -30.0
-75.8 87.8 0.0
-75.8 87.8 30.0
-75.8 87.8 60.0
-75.8 87.8 90.0
-75.8 87.8 120.0
-75.8 87.8 150.0
-75.8 87.8 180.0
-75.8 87.8 -150.0
-75.8 87.8 -120.0
-75.8 87.8 -90.0
-75.8 87.8 -60.0
-75.8 87.8 -30.0
-75.8 -82.2 0.0
-75.8 -82.2 30.0
-75.8 -82.2 60.0
-75.8 -82.2 90.0
-75.8 -82.2 120.0
-75.8 -82.2 150.0
-75.8 -82.2 180.0
-75.8 -82.2 -150.0
-75.8 -82.2 -120.0
-75.8 -82.2 -90.0
-75.8 -82.2 -60.0
-75.8 -82.2 -30.0
-75.8 -72.2 0.0
-75.8 -72.2 30.0
-75.8 -72.2 60.0
-75.8 -72.2 90.0
-75.8 -72.2 120.0
-75.8 -72.2 150.0
-75.8 -72.2 180.0
-75.8 -72.2 -150.0
-75.8 -72.2 -120.0
-75.8 -72.2 -90.0
-75.8 -72.2 -60.0
-75.8 -72.2 -30.0
-65.8 87.8 0.0
-65.8 87.8 30.0
-65.8 87.8 60.0
-65.8 87.8 90.0
-65.8 87.8 120.0
-65.8 87.8 150.0
-65.8 87.8 180.0
-65.8 87.8 -150.0
-65.8 87.8 -120.0
-65.8 87.8 -90.0
-65.8 87.8 -60.0
-65.8 87.8 -30.0
-65.8 -82.2 0.0
-65.8 -82.2 30.0
-65.8 -82.2 60.0
-65.8 -82.2 90.0
-65.8 -82.2 120.0
-65.8 -82.2 150.0
-65.8 -82.2 180.0
-65.8 -82.2 -150.0
-65.8 -82.2 -120.0
-65.8 -82.2 -90.0
-65.8 -82.2 -60.0
-65.8 -82.2 -30.0
-65.8 -72.2 0.0
-65.8 -72.2 30.0
-65.8 -72.2 60.0
-65.8 -72.2 90.0
-65.8 -72.2 120.0
-65.8 -72.2 150.0
-65.8 -72.2 180.0
-65.8 -72.2 -150.0
-65.8 -72.2 -120.0
-65.8 -72.2 -90.0
-65.8 -72.2 -60.0
-65.8 -72.2 -30.0
-55.8 87.8 0.0
-55.8 87.8 30.0
-55.8 87.8 60.0
-55.8 87.8 90.0
-55.8 87.8 120.0
-55.8 87.8 150.0
-55.8 87.8 180.0
-55.8 87.8 -150.0
-55.8 87.8 -120.0
-55.8 87.8 -90.0
-55.8 87.8 -60.0
-55.8 87.8 -30.0
-55.8 -82.2 0.0
-55.8 -82.2 30.0
-55.8 -82.2 60.0
-55.8 -82.2 90.0
-55.8 -82.2 120.0
-55.8 -82.2 150.0
-55.8 -82.2 180.0
-55.8 -82.2 -150.0
-55.8 -82.2 -120.0
-55.8 -82.2 -90.0
-55.8 -82.2 -60.0
-55.8 -82.2 -30.0
-55.8 -72.2 0.0
-55.8 -72.2 30.0
-55.8 -72.2 60.0
-55.8 -72.2 90.0
-55.8 -72.2 120.0
-55.8 -72.2 150.0
-55.8 -72.2 180.0
-55.8 -72.2 -150.0
-55.8 -72.2 -120.0
-55.8 -72.2 -90.0
-55.8 -72.2 -60.0
-55.8 -72.2 -30.0
-77.2 -26.7 0.0
-77.2 -26.7 30.0
-77.2 -26.7 60.0
-77.2 -26.7 90.0
-77.2 -26.7 120.0
-77.2 -26.7 150.0
-77.2 -26.7 180.0
-77.2 -26.7 -150.0
-77.2 -26.7 -120.0
-77.2 -26.7 -90.0
-77.2 -26.7 -60.0
-77.2 -26.7 -30.0
-77.2 -16.7 0.0
-77.2 -16.7 30.0
-77.2 -16.7 60.0
-77.2 -16.7 90.0
-77.2 -16.7 120.0
-77.2 -16.7 150.0
-77.2 -16.7 180.0
-77.2 -16.7 -150.0
-77.2 -16.7 -120.0
-77.2 -16.7 -90.0
-77.2 -16.7 -60.0
-77.2 -16.7 -30.0
-77.2 -6.7 0.0
-77.2 -6.7 30.0
-77.2 -6.7 60.0
-77.2 -6.7 90.0
-77.2 -6.7 120.0
-77.2 -6.7 150.0
-77.2 -6.7 180.0
-77.2 -6.7 -150.0
-77.2 -6.7 -120.0
-77.2 -6.7 -90.0
-77.2 -6.7 -60.0
-77.2 -6.7 -30.0
-67.2 -26.7 0.0
-67.2 -26.7 30.0
-67.2 -26.7 60.0
-67.2 -26.7 90.0
-67.2 -26.7 120.0
-67.2 -26.7 150.0
-67.2 -26.7 180.0
-67.2 -26.7 -150.0
-67.2 -26.7 -120.0
-67.2 -26.7 -90.0
-67.2 -26.7 -60.0
-67.2 -26.7 -30.0
-67.2 -16.7 0.0
-67.2 -16.7 30.0
-67.2 -16.7 60.0
-67.2 -16.7 90.0
-67.2 -16.7 120.0
-67.2 -16.7 150.0
-67.2 -16.7 180.0
-67.2 -16.7 -150.0
-67.2 -16.7 -120.0
-67.2 -16.7 -90.0
-67.2 -16.7 -60.0
-67.2 -16.7 -30.0
-67.2 -6.7 0.0
-67.2 -6.7 30.0
-67.2 -6.7 60.0
-67.2 -6.7 90.0
-67.2 -6.7 120.0
-67.2 -6.7 150.0
-67.2 -6.7 180.0
-67.2 -6.7 -150.0
-67.2 -6.7 -120.0
-67.2 -6.7 -90.0
-67.2 -6.7 -60.0
-67.2 -6.7 -30.0
-57.2 -26.7 0.0
-57.2 -26.7 30.0
-57.2 -26.7 60.0
-57.2 -26.7 90.0
-57.2 -26.7 120.0
-57.2 -26.7 150.0
-57.2 -26.7 180.0
-57.2 -26.7 -150.0
-57.2 -26.7 -120.0
-57.2 -26.7 -90.0
-57.2 -26.7 -60.0
-57.2 -26.7 -30.0
-57.2 -16.7 0.0
-57.2 -16.7 30.0
-57.2 -16.7 60.0
-57.2 -16.7 90.0
-57.2 -16.7 120.0
-57.2 -16.7 150.0
-57.2 -16.7 180.0
-57.2 -16.7 -150.0
-57.2 -16.7 -120.0
-57.2 -16.7 -90.0
-57.2 -16.7 -60.0
-57.2 -16.7 -30.0
-57.2 -6.7 0.0
-57.2 -6.7 30.0
-57.2 -6.7 60.0
-57.2 -6.7 90.0
-57.2 -6.7 120.0
-57.2 -6.7 150.0
-57.2 -6.7 180.0
-57.2 -6.7 -150.0
-57.2 -6.7 -120.0
-57.2 -6.7 -90.0
-57.2 -6.7 -60.0
-57.2 -6.7 -30.0
VAL 1 9
N CA CB CG1
55.5
65.5
75.5
165.9
175.9
-174.1
-71.7
-61.7
-51.7
